A	23472	0	0	209	-26	-33	-2	126	-32	147	274	101029	Z
A	23396	0	0	208	-22	-27	-4	118	-37	149	274	101029	Z
A	23404	0	0	207	-28	-34	-6	118	-37	149	274	101029	Z
A	23404	1	0	206	-24	-29	-2	118	-37	149	274	101029	Z
A	23376	0	0	206	-27	-29	-5	122	-34	150	274	101029	Z
A	23400	0	0	207	-26	-29	-3	122	-34	150	274	101029	Z
A	23396	0	0	206	-25	-31	-7	122	-34	150	274	101029	Z
A	23376	0	0	206	-28	-35	-2	123	-34	147	274	101029	Z
A	23388	0	0	206	-24	-29	-3	123	-34	147	274	101029	Z
A	23400	0	0	206	-26	-30	-4	123	-34	147	274	101029	Z
A	23400	0	0	207	-24	-30	-7	119	-37	149	274	101029	Z
A	23380	0	0	207	-29	-31	-4	119	-37	149	274	101029	Z
A	23404	0	0	209	-26	-31	-2	126	-31	149	274	101026	Z
A	23380	0	0	208	-27	-32	-4	126	-31	149	274	101026	Z
A	23384	0	0	206	-23	-30	-1	126	-31	149	274	101026	Z
A	23416	0	0	207	-26	-32	-7	121	-36	148	274	101026	Z
A	23420	1	0	208	-27	-29	-2	121	-36	148	274	101026	Z
A	23376	0	0	205	-24	-31	-4	121	-36	148	274	101026	Z
A	23412	1	0	208	-31	-31	-4	121	-35	150	274	101026	Z
A	23396	0	0	208	-26	-32	-6	121	-35	150	274	101026	Z
A	23384	-1	0	206	-25	-34	-2	121	-35	150	274	101026	Z
A	23444	0	-1	206	-27	-30	0	124	-32	148	274	101026	Z
A	23424	0	1	207	-24	-29	-6	124	-32	148	274	101026	Z
A	23408	0	0	208	-26	-31	-2	124	-32	148	274	101026	Z
A	23380	0	0	206	-26	-32	-3	119	-37	150	274	101026	Z
A	23392	0	0	207	-27	-28	-3	119	-37	150	274	101026	Z
A	23392	0	0	208	-29	-35	-5	119	-37	150	274	101026	Z
A	23380	0	0	208	-26	-33	-6	123	-34	147	274	101026	Z
A	23396	-1	0	207	-28	-30	-5	123	-34	147	274	101026	Z
A	23488	0	0	208	-28	-31	-3	123	-34	147	274	101026	Z
A	23416	1	0	207	-25	-30	-3	123	-34	146	274	101026	Z
A	23392	0	0	209	-28	-33	-4	123	-34	146	274	101026	Z
A	23400	0	0	206	-27	-29	-3	123	-34	146	274	101026	Z
A	23400	0	0	206	-28	-32	-6	119	-38	151	274	101026	Z
A	23352	-1	1	207	-25	-30	0	119	-38	151	274	101026	Z
A	23384	0	-1	208	-29	-32	-6	119	-38	151	274	101026	Z
A	23492	0	0	207	-27	-34	-3	126	-32	149	274	101026	Z
A	23412	0	0	207	-27	-29	-5	126	-32	149	274	101026	Z
A	23400	1	-1	207	-26	-30	-3	120	-36	148	274	101026	Z
A	23476	0	0	207	-27	-31	-3	120	-36	148	274	101026	Z
A	23376	0	0	204	-24	-29	-4	120	-36	148	274	101026	Z
A	23392	1	0	208	-24	-31	-3	121	-36	150	274	101026	Z
A	23396	0	1	206	-24	-30	-5	121	-36	150	274	101026	Z
A	23392	0	0	207	-27	-30	-6	121	-36	150	274	101026	Z
A	23416	0	1	206	-25	-31	-4	125	-32	147	274	101026	Z
A	23380	0	0	206	-26	-32	1	125	-32	147	274	101026	Z
A	23304	0	0	208	-25	-28	-4	125	-32	147	274	101026	Z
A	23352	0	0	209	-23	-30	0	119	-37	149	274	101026	Z
A	23304	0	0	209	-25	-30	-4	119	-37	149	274	101026	Z
A	23416	-1	0	207	-27	-33	-2	119	-37	149	274	101026	Z
A	23476	0	0	208	-28	-33	-4	124	-34	149	274	101026	Z
A	23376	0	-1	208	-25	-27	-2	124	-34	149	274	101026	Z
A	23488	0	0	205	-25	-32	-3	124	-34	149	274	101026	Z
A	23392	-1	0	207	-25	-31	-5	123	-34	147	274	101026	Z
A	23472	0	-1	207	-23	-30	-5	123	-34	147	274	101026	Z
A	23464	0	-1	208	-26	-30	-7	123	-34	147	274	101026	Z
A	23476	1	0	207	-26	-31	-4	120	-38	151	274	101026	Z
A	23392	0	0	205	-27	-34	-5	120	-38	151	274	101026	Z
A	23404	-1	0	206	-25	-29	-2	120	-38	151	274	101026	Z
A	23476	0	-1	207	-25	-32	-3	126	-32	148	274	101026	Z
A	23492	0	1	206	-29	-30	-3	126	-32	148	274	101026	Z
A	23400	0	-1	208	-27	-32	-3	126	-32	148	274	101026	Z
A	23484	0	1	206	-26	-33	-7	121	-35	147	274	101026	Z
A	23736	1	0	208	-27	-32	1	121	-35	147	274	101026	Z
A	23300	1	0	207	-24	-29	-7	121	-35	151	274	101026	Z
A	23388	1	0	208	-27	-33	-1	121	-35	151	274	101026	Z
A	23384	0	0	207	-26	-31	-5	121	-35	151	274	101026	Z
A	23408	0	0	209	-26	-29	-2	125	-33	147	274	101026	Z
A	23416	0	0	208	-25	-30	-3	125	-33	147	274	101026	Z
A	23388	1	0	206	-26	-28	-5	125	-33	147	274	101026	Z
A	23416	0	0	206	-28	-30	-4	118	-37	149	274	101026	Z
A	23400	0	1	207	-24	-33	-1	118	-37	149	274	101026	Z
A	23380	0	0	208	-26	-31	-4	118	-37	149	274	101026	Z
A	23400	0	0	206	-25	-31	-6	124	-33	150	274	101026	Z
A	23416	-1	1	206	-30	-29	-3	124	-33	150	274	101026	Z
A	23484	0	0	207	-27	-32	-4	124	-33	150	274	101026	Z
A	23372	1	0	207	-27	-33	0	122	-35	149	274	101026	Z
A	23308	0	1	208	-28	-31	-3	122	-35	149	274	101026	Z
A	23396	0	1	207	-27	-29	-3	122	-35	149	274	101026	Z
A	23400	1	1	207	-26	-31	-2	119	-37	149	274	101026	Z
A	23400	0	0	208	-28	-31	-1	119	-37	149	274	101026	Z
A	23404	1	0	206	-27	-28	-5	119	-37	149	274	101026	Z
A	23392	0	-1	207	-27	-32	-5	126	-32	147	274	101026	Z
A	23484	0	0	208	-28	-33	-2	126	-32	147	274	101026	Z
A	23400	0	0	207	-28	-30	-8	126	-32	147	274	101026	Z
A	23400	0	0	207	-25	-33	-1	120	-38	148	274	101026	Z
A	23372	0	0	207	-28	-29	-6	120	-38	148	274	101026	Z
A	23392	0	0	207	-29	-32	1	120	-38	148	274	101026	Z
A	23328	0	0	207	-25	-31	-4	121	-35	151	274	101026	Z
A	23384	0	0	208	-25	-31	-3	121	-35	151	274	101026	Z
A	23400	0	0	206	-26	-33	-3	121	-35	151	274	101026	Z
A	23400	0	0	207	-26	-30	-1	124	-32	147	274	101026	Z
A	23396	0	0	207	-28	-30	-3	124	-32	147	274	101026	Z
A	23384	0	-1	206	-28	-30	-7	117	-38	149	274	101026	Z
A	23500	-1	0	207	-26	-30	-2	117	-38	149	274	101026	Z
A	23496	1	0	206	-27	-32	-4	117	-38	149	274	101026	Z
A	23360	0	0	206	-27	-30	0	123	-33	149	274	101026	Z
A	23304	1	0	205	-25	-30	-5	123	-33	149	274	101026	Z
A	23408	-1	1	207	-26	-32	-4	123	-33	149	274	101026	Z
A	23468	0	0	207	-28	-32	-5	122	-35	147	274	101026	Z
A	23384	0	0	207	-27	-30	-6	122	-35	147	274	101026	Z
A	23412	1	-1	206	-27	-30	-3	122	-35	147	274	101026	Z
A	23496	-1	1	208	-28	-28	-5	120	-37	150	274	101026	Z
A	23492	1	0	208	-26	-32	-4	120	-37	150	274	101026	Z
A	23392	1	0	206	-28	-32	-6	120	-37	150	274	101026	Z
A	23400	1	0	205	-28	-31	-3	125	-32	147	274	101026	Z
A	23392	0	-2	209	-28	-31	-7	125	-32	147	274	101026	Z
A	23484	1	1	207	-26	-29	-1	125	-32	147	274	101026	Z
A	23384	1	0	207	-26	-31	-5	120	-37	149	274	101026	Z
A	23404	0	0	209	-26	-31	-3	120	-37	149	274	101026	Z
A	23408	0	1	206	-26	-31	-4	120	-37	149	274	101026	Z
A	23384	0	0	207	-27	-29	-6	121	-34	150	274	101026	Z
A	23404	0	1	207	-31	-33	-2	121	-34	150	274	101026	Z
A	23772	0	0	208	-25	-32	-6	121	-34	150	275	101026	Z
A	23392	1	0	207	-27	-31	2	124	-32	147	275	101026	Z
A	23328	0	1	207	-29	-32	-4	124	-32	147	275	101026	Z
A	23380	-1	0	208	-28	-31	-2	124	-32	147	275	101026	Z
A	23488	1	-1	206	-26	-33	-5	119	-37	150	275	101026	Z
A	23480	0	1	206	-25	-31	-2	119	-37	150	275	101026	Z
A	23408	0	0	207	-24	-30	-5	124	-33	148	275	101026	Z
A	23408	0	0	208	-28	-33	-3	124	-33	148	275	101026	Z
A	23376	0	0	207	-29	-32	-5	124	-33	148	275	101026	Z
A	23380	0	0	207	-25	-31	-9	122	-35	148	275	101026	Z
A	23396	-1	0	207	-25	-32	-2	122	-35	148	275	101026	Z
A	23448	0	0	206	-29	-27	-5	122	-35	148	275	101026	Z
A	23388	0	0	206	-28	-27	-4	119	-38	151	275	101026	Z
A	23396	0	0	205	-29	-34	-4	119	-38	151	275	101026	Z
A	23396	0	0	207	-28	-27	-2	119	-38	151	275	101026	Z
A	23384	1	0	207	-27	-29	-5	126	-33	148	275	101026	Z
A	23392	0	0	207	-24	-32	-3	126	-33	148	275	101026	Z
A	23380	0	0	207	-26	-33	-5	126	-33	148	275	101026	Z
A	23408	-1	1	209	-25	-32	-1	121	-36	147	275	101026	Z
A	23472	0	0	206	-25	-30	-4	121	-36	147	275	101026	Z
A	23404	0	0	208	-28	-30	-6	121	-36	147	275	101026	Z
A	23392	0	-1	207	-23	-29	-5	121	-34	149	275	101026	Z
A	23480	0	0	205	-27	-28	-7	121	-34	149	275	101026	Z
A	23408	0	-1	206	-26	-31	-3	121	-34	149	275	101026	Z
A	23480	0	0	206	-27	-30	-4	124	-32	147	275	101026	Z
A	23392	-1	0	206	-27	-31	-3	124	-32	147	275	101026	Z
A	23468	0	0	206	-26	-32	-2	124	-32	147	275	101026	Z
A	23404	-1	1	206	-27	-31	-3	118	-38	149	275	101026	Z
A	23452	0	0	207	-28	-31	0	118	-38	149	275	101026	Z
A	23324	0	-1	206	-25	-31	-5	118	-38	149	275	101026	Z
A	23480	0	1	207	-25	-33	-5	125	-33	148	275	101026	Z
A	23400	-1	1	209	-24	-29	-6	125	-33	148	275	101026	Z
A	23484	0	0	207	-26	-32	-3	125	-33	148	275	101026	Z
A	23412	-1	0	206	-28	-31	-5	122	-34	147	275	101026	Z
A	23472	0	0	205	-28	-33	-2	122	-34	147	275	101026	Z
A	23408	-1	0	208	-26	-29	-3	119	-37	151	275	101026	Z
A	23460	0	0	206	-27	-28	-5	119	-37	151	275	101026	Z
A	23408	0	0	207	-29	-29	-3	119	-37	151	275	101026	Z
A	23408	0	1	207	-24	-34	-4	126	-32	148	275	101026	Z
A	23388	-1	0	207	-27	-29	-2	126	-32	148	275	101026	Z
A	23468	0	0	207	-27	-31	-4	126	-32	148	275	101026	Z
A	23396	0	0	206	-27	-31	1	120	-36	148	275	101026	Z
A	23292	0	0	206	-27	-27	-3	120	-36	148	275	101026	Z
A	23408	0	0	208	-26	-34	-3	120	-36	148	275	101026	Z
A	23408	0	0	206	-28	-29	-5	121	-33	151	275	101026	Z
A	23376	0	0	206	-26	-30	-1	121	-33	151	275	101026	Z
A	23404	-1	0	209	-30	-29	-3	121	-33	151	275	101026	Z
A	23472	0	0	207	-29	-30	-5	123	-33	148	275	101026	Z
A	23380	0	0	207	-25	-28	-1	123	-33	148	275	101026	Z
A	23500	0	0	206	-27	-33	-6	123	-33	148	275	101026	Z
A	23768	0	0	208	-26	-31	-2	118	-38	149	274	101020	Z
A	23372	0	0	207	-26	-32	-4	118	-38	149	274	101020	Z
A	23388	0	0	207	-27	-30	-2	118	-38	149	274	101020	Z
A	23416	1	-2	205	-25	-31	-4	123	-33	147	274	101020	Z
A	23488	1	0	206	-29	-31	-5	123	-33	147	274	101020	Z
A	23384	0	0	206	-28	-30	-8	123	-33	147	274	101020	Z
A	23376	0	0	205	-26	-30	-3	123	-36	149	274	101020	Z
A	23392	1	0	207	-26	-31	-4	123	-36	149	274	101020	Z
A	23380	1	0	207	-28	-27	-7	123	-36	149	274	101020	Z
A	23380	0	0	206	-26	-31	-3	120	-37	150	274	101020	Z
A	23400	0	0	206	-30	-28	-3	120	-37	150	274	101020	Z
A	23396	1	0	207	-26	-29	-4	126	-32	147	274	101020	Z
A	23396	0	0	206	-28	-29	-6	126	-32	147	274	101020	Z
A	23388	0	0	208	-26	-28	-4	126	-32	147	274	101020	Z
A	23396	0	1	206	-29	-31	-2	119	-37	148	274	101020	Z
A	23404	0	1	207	-26	-30	-5	119	-37	148	274	101020	Z
A	23396	0	0	206	-28	-28	-1	119	-37	148	274	101020	Z
A	23400	0	1	206	-27	-31	-7	123	-33	149	274	101020	Z
A	23396	0	0	208	-29	-31	-4	123	-33	149	274	101020	Z
A	23392	1	0	206	-28	-29	-4	123	-33	149	274	101020	Z
A	23384	0	0	207	-24	-31	-1	124	-32	147	274	101020	Z
A	23372	0	0	208	-29	-30	-7	124	-32	147	274	101020	Z
A	23384	0	0	208	-25	-30	-4	124	-32	147	274	101020	Z
A	23412	-1	0	208	-29	-33	-5	119	-37	149	274	101020	Z
A	23492	0	0	206	-28	-30	-4	119	-37	149	274	101020	Z
A	23392	0	0	207	-28	-30	-3	119	-37	149	274	101020	Z
A	23404	-1	1	206	-26	-32	-6	126	-33	149	274	101020	Z
A	23492	0	1	207	-27	-31	-3	126	-33	149	274	101020	Z
A	23400	0	0	206	-26	-31	-7	126	-33	149	274	101020	Z
A	23388	0	-1	204	-28	-29	-5	123	-35	148	274	101020	Z
A	23492	1	-1	206	-25	-28	-5	123	-35	148	274	101020	Z
A	23472	0	0	207	-28	-30	-1	123	-35	148	274	101020	Z
A	23396	0	0	207	-28	-27	-4	120	-38	150	274	101020	Z
A	23404	0	-1	207	-28	-32	-5	120	-38	150	274	101020	Z
A	23468	0	0	207	-26	-30	-4	120	-38	150	274	101020	Z
A	23388	0	0	207	-29	-30	-3	125	-32	148	274	101020	Z
A	23396	0	0	207	-27	-29	-2	125	-32	148	274	101020	Z
A	23384	1	0	206	-27	-32	-4	120	-37	149	274	101020	Z
A	23400	0	0	207	-28	-32	-2	120	-37	149	274	101020	Z
A	23408	0	0	208	-25	-31	-4	120	-37	149	274	101020	Z
A	23404	-1	1	209	-27	-30	-4	122	-35	149	274	101020	Z
A	23468	-1	0	206	-28	-30	-5	122	-35	149	274	101020	Z
A	23484	0	0	207	-27	-28	-6	122	-35	149	274	101020	Z
A	23400	0	1	208	-26	-30	-2	124	-33	147	274	101020	Z
A	23392	0	1	209	-30	-31	-1	124	-33	147	274	101020	Z
A	23380	-1	0	206	-30	-29	-3	124	-33	147	274	101020	Z
A	23464	0	0	207	-29	-29	-4	118	-39	150	274	101020	Z
A	23392	0	0	206	-27	-35	-3	118	-39	150	274	101020	Z
A	23408	0	2	207	-28	-31	-6	118	-39	150	274	101020	Z
A	23392	1	-1	205	-25	-30	-4	124	-33	149	274	101020	Z
A	23488	0	0	206	-26	-30	-5	124	-33	149	274	101020	Z
A	23392	0	1	207	-28	-31	-3	124	-33	149	274	101020	Z
A	23376	0	-1	208	-25	-33	-2	122	-36	147	274	101020	Z
A	23472	1	0	209	-25	-32	-4	122	-36	147	274	101020	Z
A	23392	0	0	204	-27	-32	-5	122	-36	147	274	101020	Z
A	23408	0	0	208	-27	-33	-4	119	-37	149	274	101020	Z
A	23376	0	0	206	-24	-30	-1	119	-37	149	274	101020	Z
A	23408	0	0	204	-30	-29	-4	119	-37	149	274	101020	Z
A	23388	0	0	209	-27	-27	-2	126	-33	148	274	101020	Z
A	23380	0	0	207	-26	-32	-3	126	-33	148	274	101020	Z
A	23380	0	-1	205	-27	-29	-1	126	-33	148	274	101020	Z
A	23496	0	0	208	-28	-30	-3	119	-37	150	274	101020	Z
A	23412	0	1	206	-28	-34	-4	119	-37	150	274	101020	Z
A	23380	0	0	207	-29	-26	-5	119	-37	150	274	101020	Z
A	23388	0	0	207	-26	-32	-1	122	-34	149	274	101020	Z
A	23388	0	0	206	-25	-35	2	122	-34	149	274	101020	Z
A	23296	0	0	207	-28	-31	-4	124	-33	147	274	101020	Z
A	23412	-1	-1	206	-24	-32	-3	124	-33	147	274	101020	Z
A	23568	0	1	207	-26	-30	-4	124	-33	147	274	101020	Z
A	23396	0	0	205	-24	-33	-1	119	-37	150	274	101020	Z
A	23380	0	0	209	-29	-26	-4	119	-37	150	274	101020	Z
A	23396	0	0	206	-28	-31	-4	119	-37	150	274	101020	Z
A	23396	0	0	207	-30	-33	-3	124	-33	149	274	101020	Z
A	23388	0	0	206	-28	-32	-3	124	-33	149	274	101020	Z
A	23376	0	0	207	-28	-30	-4	124	-33	149	274	101020	Z
A	23400	0	0	206	-28	-32	-3	121	-37	147	274	101020	Z
A	23404	0	0	208	-25	-31	-4	121	-37	147	274	101020	Z
A	23380	0	1	208	-27	-31	-6	121	-37	147	274	101020	Z
A	23392	0	0	206	-29	-28	-5	120	-37	151	274	101020	Z
A	23380	0	0	207	-23	-32	-4	120	-37	151	274	101020	Z
A	23392	0	0	205	-27	-34	-4	120	-37	151	274	101020	Z
A	23400	0	0	208	-29	-30	-3	126	-32	148	274	101020	Z
A	23396	0	1	208	-31	-28	-3	126	-32	148	274	101020	Z
A	23388	0	1	207	-26	-30	-5	126	-32	148	274	101020	Z
A	23384	0	0	206	-25	-32	-2	118	-37	148	274	101020	Z
A	23384	0	1	205	-24	-32	-4	118	-37	148	274	101020	Z
A	23392	0	0	206	-27	-31	-4	118	-37	148	274	101020	Z
A	23396	0	0	206	-26	-30	-4	122	-34	150	274	101020	Z
A	23408	0	0	208	-28	-31	-4	122	-34	150	274	101020	Z
A	23380	-1	0	208	-23	-32	-2	122	-34	150	274	101020	Z
A	23476	1	0	208	-26	-28	-7	124	-33	147	274	101020	Z
A	23384	0	0	208	-29	-30	-3	124	-33	147	274	101020	Z
A	23396	0	-1	208	-27	-33	-2	118	-38	150	274	101020	Z
A	23472	0	0	207	-29	-34	-4	118	-38	150	274	101020	Z
A	23400	0	-1	207	-25	-30	-2	118	-38	150	274	101020	Z
A	23480	1	0	207	-26	-30	-4	125	-33	147	274	101020	Z
A	23404	0	0	206	-25	-29	1	125	-33	147	274	101020	Z
A	23292	0	0	207	-27	-33	-7	125	-33	147	274	101020	Z
A	23400	1	0	206	-28	-29	-2	121	-37	148	274	101020	Z
A	23388	0	1	206	-24	-33	-2	121	-37	148	274	101020	Z
A	23396	0	1	207	-24	-30	-3	121	-37	148	275	101020	Z
A	23760	0	0	207	-27	-29	-7	120	-37	151	275	101032	Z
A	23380	0	0	207	-27	-32	-5	120	-37	151	275	101032	Z
A	23400	0	0	206	-27	-32	-2	120	-37	151	275	101032	Z
A	23412	0	1	207	-26	-30	-5	126	-32	147	275	101032	Z
A	23384	0	0	208	-30	-28	-1	126	-32	147	275	101032	Z
A	23388	0	1	207	-25	-30	-7	126	-32	147	275	101032	Z
A	23392	0	0	205	-27	-33	-3	119	-37	149	275	101032	Z
A	23380	1	0	206	-29	-30	-6	119	-37	149	275	101032	Z
A	23380	0	0	207	-25	-28	-2	119	-37	149	275	101032	Z
A	23404	-1	1	205	-28	-32	-8	122	-35	150	275	101032	Z
A	23492	0	0	209	-26	-30	-3	122	-35	150	275	101032	Z
A	23372	0	0	206	-26	-30	-2	122	-35	150	275	101032	Z
A	23396	-1	0	206	-26	-30	-3	124	-34	147	275	101032	Z
A	23484	0	0	207	-28	-30	-2	124	-34	147	275	101032	Z
A	23392	1	0	205	-25	-28	-4	124	-34	147	275	101032	Z
A	23380	-1	0	207	-26	-31	-5	118	-37	149	275	101032	Z
A	23476	0	0	206	-27	-29	-3	118	-37	149	275	101032	Z
A	23416	0	0	209	-24	-29	-1	118	-37	149	275	101032	Z
A	23396	0	0	207	-26	-30	-3	125	-33	149	275	101032	Z
A	23372	0	0	207	-29	-31	0	125	-33	149	275	101032	Z
A	23312	0	0	207	-26	-29	-4	122	-36	148	275	101032	Z
A	23376	0	0	207	-27	-26	2	122	-36	148	275	101032	Z
A	23316	0	0	209	-27	-28	-7	122	-36	148	275	101032	Z
A	23408	0	0	208	-28	-30	-4	121	-37	151	275	101032	Z
A	23388	0	1	207	-28	-31	-4	121	-37	151	275	101032	Z
A	23408	0	1	207	-28	-33	-2	121	-37	151	275	101032	Z
A	23384	0	0	208	-25	-30	-3	125	-32	147	275	101032	Z
A	23388	0	-1	207	-27	-32	-6	125	-32	147	275	101032	Z
A	23492	0	1	206	-26	-31	-1	125	-32	147	275	101032	Z
A	23396	0	-1	207	-27	-30	-2	119	-36	150	275	101032	Z
A	23500	0	0	209	-27	-26	-2	119	-36	150	275	101032	Z
A	23412	1	0	207	-27	-32	-4	119	-36	150	275	101032	Z
A	23388	1	0	207	-27	-31	-3	122	-35	150	275	101032	Z
A	23388	0	0	204	-28	-30	-3	122	-35	150	275	101032	Z
A	23396	0	0	208	-28	-33	-6	122	-35	150	275	101032	Z
A	23384	0	0	207	-24	-30	-1	124	-32	148	275	101032	Z
A	23388	0	0	207	-29	-32	-5	124	-32	148	275	101032	Z
A	23408	-1	0	208	-28	-30	-5	124	-32	148	275	101032	Z
A	23488	0	0	207	-29	-31	-3	119	-38	149	275	101032	Z
A	23376	0	0	207	-27	-26	-1	119	-38	149	275	101032	Z
A	23396	-1	1	207	-28	-30	-4	119	-38	149	275	101032	Z
A	23496	0	-1	207	-26	-30	-2	125	-34	149	275	101032	Z
A	23484	0	0	207	-25	-31	-5	125	-34	149	275	101032	Z
A	23380	0	-1	206	-24	-31	-4	125	-34	149	275	101032	Z
A	23468	0	0	205	-25	-27	-1	121	-36	147	275	101032	Z
A	23412	0	0	207	-29	-30	-5	121	-36	147	275	101032	Z
A	23388	0	1	207	-27	-30	0	119	-36	149	275	101032	Z
A	23296	0	0	206	-27	-30	-5	119	-36	149	275	101032	Z
A	23392	0	0	209	-25	-32	-3	119	-36	149	275	101032	Z
A	23396	0	-1	207	-27	-29	-7	125	-32	147	275	101032	Z
A	23864	0	-1	207	-26	-32	-5	125	-32	147	274	101017	Z
A	23480	0	0	206	-25	-30	-1	125	-32	147	274	101017	Z
A	23388	0	0	209	-25	-32	-4	119	-37	149	274	101017	Z
A	23376	0	-1	206	-30	-33	-2	119	-37	149	274	101017	Z
A	23476	0	0	210	-27	-30	-6	119	-37	149	274	101017	Z
A	23400	1	0	208	-27	-31	-2	122	-35	150	274	101017	Z
A	23408	0	0	206	-25	-29	-5	122	-35	150	274	101017	Z
A	23388	0	0	205	-26	-32	-3	122	-35	150	274	101017	Z
A	23384	0	0	208	-28	-31	-6	124	-32	147	274	101017	Z
A	23388	0	-1	206	-29	-32	-3	124	-32	147	274	101017	Z
A	23468	0	0	207	-28	-29	-5	124	-32	147	274	101017	Z
A	23404	0	0	208	-24	-31	-3	119	-38	150	274	101017	Z
A	23404	1	0	209	-25	-31	-3	119	-38	150	274	101017	Z
A	23396	1	0	208	-30	-30	-4	119	-38	150	274	101017	Z
A	23356	0	0	206	-27	-32	0	126	-33	149	274	101017	Z
A	23320	-1	0	206	-23	-32	-6	126	-33	149	274	101017	Z
A	23436	0	0	207	-25	-31	0	126	-33	149	274	101017	Z
A	23300	0	0	207	-25	-30	-5	121	-36	147	274	101017	Z
A	23396	0	0	206	-27	-31	-3	121	-36	147	274	101017	Z
A	23380	-1	1	207	-26	-29	-4	121	-36	147	274	101017	Z
A	23472	0	0	207	-28	-31	-3	121	-37	150	274	101017	Z
A	23400	-1	1	207	-26	-31	-3	121	-37	150	274	101017	Z
A	23492	-1	0	206	-27	-30	-4	126	-32	146	274	101017	Z
A	23480	0	0	206	-24	-32	-4	126	-32	146	274	101017	Z
A	23376	0	0	206	-26	-29	-5	126	-32	146	274	101017	Z
A	23384	0	0	205	-26	-30	0	119	-37	151	274	101017	Z
A	23316	0	0	206	-27	-28	-5	119	-37	151	274	101017	Z
A	23388	0	0	207	-24	-29	-3	119	-37	151	274	101017	Z
A	23392	0	0	207	-23	-29	-3	122	-34	150	274	101017	Z
A	23388	0	0	207	-26	-31	-1	122	-34	150	274	101017	Z
A	23388	0	0	205	-27	-32	-5	122	-34	150	274	101017	Z
A	23400	0	0	206	-26	-33	-2	123	-33	146	274	101017	Z
A	23408	0	0	207	-27	-27	-5	123	-33	146	274	101017	Z
A	23380	1	0	208	-27	-33	-2	123	-33	146	274	101017	Z
A	23400	1	0	206	-27	-29	-2	120	-38	150	274	101017	Z
A	23396	0	-1	207	-26	-29	-2	120	-38	150	274	101017	Z
A	23464	0	0	207	-27	-33	-2	120	-38	150	274	101017	Z
A	23392	0	0	207	-27	-32	-6	125	-34	149	274	101017	Z
A	23408	0	0	208	-26	-30	-2	125	-34	149	274	101017	Z
A	23408	0	0	207	-26	-27	-5	125	-34	149	274	101017	Z
A	23372	0	0	207	-30	-32	-4	122	-36	147	274	101017	Z
A	23396	0	0	206	-28	-28	-3	122	-36	147	274	101017	Z
A	23400	0	0	206	-24	-31	-4	122	-36	147	274	101017	Z
A	23384	0	0	207	-24	-31	-3	120	-37	151	274	101017	Z
A	23376	0	0	208	-27	-32	-4	120	-37	151	274	101017	Z
A	23412	0	0	206	-27	-33	-4	120	-37	151	274	101017	Z
A	23396	0	0	208	-26	-33	-6	125	-32	148	274	101017	Z
A	23392	0	1	208	-25	-32	1	125	-32	148	274	101017	Z
A	23308	0	0	206	-27	-29	-3	125	-32	148	274	101017	Z
A	23516	-1	0	207	-27	-34	-5	119	-36	148	274	101017	Z
A	23848	0	0	206	-29	-30	-1	119	-36	148	275	101020	Z
A	23384	0	0	206	-25	-31	-2	123	-34	149	275	101020	Z
A	23388	0	1	207	-26	-29	-4	123	-34	149	275	101020	Z
A	23408	-1	1	206	-29	-30	-5	123	-34	149	275	101020	Z
A	23484	0	0	207	-27	-29	-1	123	-34	148	275	101020	Z
A	23408	0	0	206	-25	-32	-6	123	-34	148	275	101020	Z
A	23388	0	0	207	-26	-31	-3	123	-34	148	275	101020	Z
A	23404	-1	1	207	-28	-31	-3	119	-38	151	275	101020	Z
A	23476	0	0	207	-27	-31	-4	119	-38	151	275	101020	Z
A	23396	0	1	208	-24	-31	-1	119	-38	151	275	101020	Z
A	23380	0	0	207	-24	-30	-3	125	-32	148	275	101020	Z
A	23392	0	0	206	-25	-33	-5	125	-32	148	275	101020	Z
A	23400	0	0	206	-25	-32	-4	125	-32	148	275	101020	Z
A	23396	0	0	207	-29	-33	-1	122	-36	146	275	101020	Z
A	23380	0	0	207	-26	-30	-2	122	-36	146	275	101020	Z
A	23408	0	1	207	-28	-30	-3	122	-36	146	275	101020	Z
A	23400	-1	0	208	-24	-28	-4	122	-37	150	275	101020	Z
A	23464	0	0	206	-26	-30	-3	122	-37	150	275	101020	Z
A	23400	0	1	206	-24	-28	-6	122	-37	150	275	101020	Z
A	23376	0	-1	208	-28	-31	0	126	-33	147	275	101020	Z
A	23404	0	0	205	-28	-29	-5	126	-33	147	275	101020	Z
A	23384	0	0	208	-25	-33	-5	126	-33	147	275	101020	Z
A	23388	0	0	205	-25	-28	-3	118	-37	149	275	101020	Z
A	23384	0	0	209	-25	-30	-4	118	-37	149	275	101020	Z
A	23396	1	0	206	-28	-30	-3	118	-37	149	275	101020	Z
A	23400	0	0	206	-24	-25	-3	123	-34	152	275	101020	Z
A	23408	0	0	208	-27	-33	-3	123	-34	152	275	101020	Z
A	23384	0	1	208	-25	-30	-6	123	-33	147	275	101020	Z
A	23396	0	1	207	-28	-30	-4	123	-33	147	275	101020	Z
A	23396	0	0	205	-31	-31	-4	123	-33	147	275	101020	Z
A	23388	0	1	208	-25	-32	-2	119	-38	149	275	101020	Z
A	23388	1	1	207	-24	-33	-6	119	-38	149	275	101020	Z
A	23400	0	0	206	-28	-28	-5	119	-38	149	275	101020	Z
A	23392	0	0	207	-28	-29	-2	125	-34	149	275	101020	Z
A	23380	0	1	207	-26	-33	-7	125	-34	149	275	101020	Z
A	23384	0	0	208	-22	-27	-1	125	-34	149	275	101020	Z
A	23392	0	0	207	-26	-31	-8	122	-36	148	275	101020	Z
A	23368	0	0	207	-28	-33	0	122	-36	148	275	101020	Z
A	23312	0	0	207	-27	-28	-6	122	-36	148	275	101020	Z
A	23372	0	0	208	-26	-29	-3	121	-38	150	275	101020	Z
A	23404	0	0	207	-27	-28	-4	121	-38	150	275	101020	Z
A	23396	0	-1	208	-26	-28	-3	121	-38	150	275	101020	Z
A	23460	0	0	208	-26	-30	-6	125	-33	147	275	101020	Z
A	23396	0	0	207	-28	-29	-1	125	-33	147	275	101020	Z
A	23388	0	0	207	-26	-31	-3	125	-33	147	275	101020	Z
A	23416	0	0	206	-29	-29	-6	119	-36	148	275	101020	Z
A	23352	1	0	207	-28	-31	0	119	-36	148	275	101020	Z
A	23312	0	0	207	-27	-31	-4	119	-36	148	275	101020	Z
A	23384	0	0	206	-30	-32	-2	122	-36	151	275	101020	Z
A	23392	1	0	207	-30	-26	-6	122	-36	151	275	101020	Z
A	23416	-1	0	206	-28	-31	-1	122	-36	151	274	101017	Z
A	23480	1	0	205	-26	-34	-4	124	-32	147	274	101017	Z
A	23384	0	0	207	-29	-30	-5	124	-32	147	274	101017	Z
A	23392	0	-1	207	-26	-31	-4	124	-32	147	274	101017	Z
A	23492	0	-1	208	-24	-32	-2	118	-38	148	274	101017	Z
A	23484	0	1	205	-26	-30	-1	118	-38	148	274	101017	Z
A	23364	0	0	206	-26	-31	-7	124	-34	150	274	101017	Z
A	23388	0	1	206	-28	-29	-4	124	-34	150	274	101017	Z
A	23416	0	1	207	-24	-30	-4	124	-34	150	274	101017	Z
A	23412	-1	0	209	-27	-29	-2	122	-36	147	274	101017	Z
A	23480	0	0	206	-29	-31	-7	122	-36	147	274	101017	Z
A	23388	0	1	206	-24	-31	-2	122	-36	147	274	101017	Z
A	23396	0	1	206	-28	-30	-6	121	-37	150	274	101017	Z
A	23384	0	0	205	-28	-32	-5	121	-37	150	274	101017	Z
A	23388	0	1	206	-27	-31	-4	121	-37	150	274	101017	Z
A	23404	0	0	207	-25	-31	-6	126	-32	146	274	101017	Z
A	23412	0	-1	209	-28	-31	-1	126	-32	146	274	101017	Z
A	23480	0	0	208	-29	-31	-6	126	-32	146	274	101017	Z
A	23408	1	-1	207	-25	-31	-3	119	-36	149	274	101017	Z
A	23488	-1	0	207	-28	-32	-2	119	-36	149	274	101017	Z
A	23480	0	0	206	-29	-23	-1	119	-36	149	274	101017	Z
A	23400	0	1	207	-25	-30	-7	122	-35	151	274	101017	Z
A	23388	0	0	206	-28	-28	-5	122	-35	151	274	101017	Z
A	23392	0	0	206	-26	-32	-2	122	-35	151	274	101017	Z
A	23404	0	0	209	-24	-32	-5	123	-33	147	274	101017	Z
A	23408	1	0	208	-26	-28	-2	123	-33	147	274	101017	Z
A	23380	1	0	208	-26	-27	-7	123	-33	147	274	101017	Z
A	23392	0	0	207	-26	-29	-3	118	-39	150	274	101017	Z
A	23372	0	0	208	-30	-29	-4	118	-39	150	274	101017	Z
A	23396	0	-1	207	-28	-28	-2	118	-39	150	274	101017	Z
A	23484	0	0	207	-26	-34	-4	124	-34	150	274	101017	Z
A	23412	0	0	206	-25	-31	-3	124	-34	150	274	101017	Z
A	23400	1	0	207	-26	-31	-5	123	-37	147	274	101017	Z
A	23380	0	0	209	-27	-34	-4	123	-37	147	274	101017	Z
A	23400	0	0	206	-28	-29	-3	123	-37	147	274	101017	Z
A	23372	0	0	207	-29	-34	-4	120	-39	149	274	101017	Z
A	23388	0	1	206	-29	-30	-3	120	-39	149	274	101017	Z
A	23428	0	0	204	-24	-31	-3	120	-39	149	274	101017	Z
A	23408	0	0	207	-25	-29	-4	126	-33	148	274	101017	Z
A	23380	0	0	206	-25	-30	-4	126	-33	148	274	101017	Z
A	23400	0	0	209	-27	-29	-3	126	-33	148	274	101017	Z
A	23388	0	0	206	-27	-33	-4	119	-37	150	274	101017	Z
A	23388	0	1	207	-26	-29	-5	119	-37	150	274	101017	Z
A	23396	-1	1	207	-23	-31	-3	119	-37	150	274	101017	Z
A	23480	0	0	207	-26	-30	-2	122	-34	149	274	101017	Z
A	23416	0	0	207	-25	-32	-3	122	-34	149	274	101017	Z
A	23392	0	0	207	-30	-31	-5	122	-34	149	274	101017	Z
A	23408	-1	1	207	-27	-31	-4	125	-33	147	274	101017	Z
A	23468	0	0	207	-24	-31	-2	125	-33	147	274	101017	Z
A	23408	0	0	207	-26	-32	-5	125	-33	147	274	101017	Z
A	23400	0	0	206	-29	-31	-4	118	-38	151	275	101017	Z
A	23768	0	-1	207	-25	-28	-1	118	-38	151	275	101023	Z
A	23472	1	0	207	-26	-33	-1	118	-38	151	275	101023	Z
A	23384	1	1	206	-27	-33	-5	124	-33	149	275	101023	Z
A	23388	0	0	207	-24	-32	-1	124	-33	149	275	101023	Z
A	23412	0	0	208	-28	-32	-5	124	-33	149	275	101023	Z
A	23384	0	0	208	-25	-32	-1	121	-35	147	275	101023	Z
A	23392	-1	0	208	-24	-31	-8	121	-35	147	275	101023	Z
A	23476	1	0	208	-25	-30	-5	121	-35	147	275	101023	Z
A	23392	1	-1	209	-25	-30	-6	119	-38	150	275	101023	Z
A	23476	0	-1	206	-28	-29	-6	119	-38	150	275	101023	Z
A	23476	0	0	207	-27	-32	-1	125	-33	147	275	101023	Z
A	23400	-1	1	205	-25	-31	-6	125	-33	147	275	101023	Z
A	23488	0	0	208	-26	-30	-5	125	-33	147	275	101023	Z
A	23396	0	-1	207	-29	-27	-2	119	-37	148	275	101023	Z
A	23464	2	-2	208	-28	-34	1	119	-37	148	275	101023	Z
A	23392	0	0	207	-25	-32	-5	119	-37	148	275	101023	Z
A	23388	0	0	206	-29	-28	-1	122	-35	150	275	101023	Z
A	23380	0	0	207	-32	-30	-8	122	-35	150	275	101023	Z
A	23400	-1	1	208	-26	-32	-2	122	-35	150	275	101023	Z
A	23480	0	0	208	-27	-30	-5	124	-33	148	275	101023	Z
A	23404	0	0	205	-30	-28	-4	124	-33	148	275	101023	Z
A	23376	0	0	208	-28	-31	-1	124	-33	148	275	101023	Z
A	23380	1	0	206	-27	-27	-3	118	-38	151	275	101023	Z
A	23396	0	0	205	-29	-33	-4	118	-38	151	275	101023	Z
A	23368	0	0	206	-28	-33	-6	118	-38	151	275	101023	Z
A	23388	0	0	206	-27	-29	-2	125	-33	149	275	101023	Z
A	23412	-1	-1	207	-23	-33	-5	125	-33	149	275	101023	Z
A	23584	-1	1	208	-30	-30	-4	125	-33	149	275	101023	Z
A	23488	0	0	207	-30	-32	-5	122	-35	146	275	101023	Z
A	23384	0	0	207	-27	-29	-4	122	-35	146	275	101023	Z
A	23392	0	-1	209	-29	-31	-1	122	-35	146	275	101023	Z
A	23468	1	0	207	-27	-30	-6	120	-37	150	275	101023	Z
A	23392	0	-1	206	-24	-29	-2	120	-37	150	275	101023	Z
A	23464	0	0	209	-26	-31	-3	120	-37	150	275	101023	Z
A	23384	-1	0	207	-27	-29	-1	125	-32	148	275	101023	Z
A	23496	1	0	208	-27	-30	-6	125	-32	148	275	101023	Z
A	23412	1	0	207	-26	-31	-1	119	-37	149	275	101023	Z
A	23376	0	0	207	-27	-30	-7	119	-37	149	275	101023	Z
A	23408	0	-1	207	-25	-29	-4	119	-37	149	275	101023	Z
A	23464	0	0	207	-23	-28	-4	122	-35	151	275	101023	Z
A	23368	0	0	209	-23	-32	-6	122	-35	151	275	101023	Z
A	23388	0	1	207	-27	-33	-1	122	-35	151	275	101023	Z
A	23408	0	0	207	-26	-30	-2	124	-33	148	275	101023	Z
A	23412	0	0	207	-27	-28	-1	124	-33	148	275	101023	Z
A	23380	0	0	206	-28	-31	-8	124	-33	148	275	101023	Z
A	23392	0	0	208	-25	-30	-3	118	-37	149	275	101023	Z
A	23396	0	0	209	-29	-29	-4	118	-37	149	275	101023	Z
A	23356	0	0	207	-27	-28	-4	118	-37	149	275	101023	Z
A	23396	0	0	207	-26	-31	-7	124	-33	148	275	101023	Z
A	23420	1	0	208	-28	-30	-1	124	-33	148	275	101023	Z
A	23768	-1	1	206	-24	-29	-3	124	-33	148	275	101017	Z
A	23480	0	0	207	-27	-33	-4	122	-36	149	275	101017	Z
A	23412	0	0	208	-28	-33	-3	122	-36	149	275	101017	Z
A	23380	0	0	207	-26	-28	-5	122	-36	149	275	101017	Z
A	23400	0	0	206	-24	-32	-2	119	-37	150	275	101017	Z
A	23392	0	0	206	-26	-31	-5	119	-37	150	275	101017	Z
A	23384	0	0	205	-28	-33	1	119	-37	150	275	101017	Z
A	23296	0	0	206	-25	-34	-4	126	-32	147	275	101017	Z
A	23424	-1	0	207	-24	-31	-7	126	-32	147	275	101017	Z
A	23480	0	0	207	-26	-30	-1	126	-32	147	275	101017	Z
A	23384	1	0	207	-26	-31	-3	119	-37	149	275	101017	Z
A	23400	0	0	208	-27	-32	-5	119	-37	149	275	101017	Z
A	23388	0	1	207	-27	-31	-2	121	-34	149	275	101017	Z
A	23388	0	0	207	-28	-30	-2	121	-34	149	275	101017	Z
A	23392	0	0	208	-23	-30	-6	121	-34	149	275	101017	Z
A	23392	0	0	207	-24	-32	-4	123	-31	147	275	101017	Z
A	23388	-1	0	208	-28	-33	-4	123	-31	147	275	101017	Z
A	23480	1	-1	207	-25	-30	-1	123	-31	147	275	101017	Z
A	23480	0	0	207	-25	-34	-5	118	-37	149	275	101017	Z
A	23396	0	0	208	-24	-31	-3	118	-37	149	275	101017	Z
A	23392	1	0	206	-29	-31	-6	118	-37	149	275	101017	Z
A	23392	0	-1	209	-26	-29	-4	124	-33	149	275	101017	Z
A	23488	0	0	207	-27	-32	-4	124	-33	149	275	101017	Z
A	23400	0	0	205	-26	-29	-3	124	-33	149	275	101017	Z
A	23392	0	0	208	-27	-30	-2	123	-35	148	275	101017	Z
A	23388	0	0	208	-28	-31	-4	123	-35	148	275	101017	Z
A	23404	0	1	206	-27	-29	-3	123	-35	148	275	101017	Z
A	23380	0	-1	206	-28	-30	-9	119	-38	150	275	101017	Z
A	23476	0	-1	208	-28	-30	-3	119	-38	150	275	101017	Z
A	23480	0	1	206	-26	-37	-4	119	-38	150	275	101017	Z
A	23420	0	1	206	-26	-26	-6	127	-32	148	275	101017	Z
A	23412	-1	1	208	-27	-29	-2	127	-32	148	275	101017	Z
A	23476	0	0	207	-27	-30	-7	127	-32	148	275	101017	Z
A	23368	0	0	207	-27	-30	-2	120	-36	149	275	101017	Z
A	23400	0	0	207	-26	-31	-5	120	-36	149	275	101017	Z
A	23344	0	1	207	-25	-30	0	120	-36	149	275	101017	Z
A	23304	-1	0	208	-28	-29	-3	121	-34	150	275	101017	Z
A	23504	1	-1	208	-28	-28	-3	121	-34	150	275	101017	Z
A	23492	0	0	207	-25	-33	-4	121	-34	150	275	101017	Z
A	23380	0	0	209	-30	-27	-3	124	-33	147	275	101017	Z
A	23404	0	0	207	-24	-29	-3	124	-33	147	275	101017	Z
A	23400	0	1	206	-28	-32	-2	117	-38	150	275	101017	Z
A	23384	1	0	206	-27	-29	-4	117	-38	150	275	101017	Z
A	23376	0	0	207	-26	-33	-5	117	-38	150	275	101017	Z
A	23412	0	0	207	-26	-30	-1	124	-34	149	275	101017	Z
A	23400	0	0	206	-26	-34	-7	124	-34	149	275	101017	Z
A	23380	0	0	206	-29	-30	-3	124	-34	149	275	101017	Z
A	23388	1	0	207	-30	-31	-4	122	-34	146	275	101017	Z
A	23404	0	1	207	-28	-30	-4	122	-34	146	275	101017	Z
A	23512	0	0	208	-24	-34	-6	122	-34	146	275	101017	Z
A	23772	0	1	206	-29	-32	-6	119	-37	151	275	101020	Z
A	23396	0	0	206	-23	-30	-4	119	-37	151	275	101020	Z
A	23380	0	0	207	-26	-29	-4	119	-37	151	275	101020	Z
A	23364	-1	0	208	-27	-32	0	127	-32	148	275	101020	Z
A	23388	0	0	206	-29	-31	-5	127	-32	148	275	101020	Z
A	23384	0	0	207	-24	-28	-3	127	-32	148	275	101020	Z
A	23396	0	0	207	-26	-30	-4	120	-36	148	275	101020	Z
A	23400	-1	0	207	-22	-29	-4	120	-36	148	275	101020	Z
A	23484	1	0	207	-24	-29	-5	120	-36	148	275	101020	Z
A	23380	0	0	208	-22	-30	-6	122	-35	149	275	101020	Z
A	23400	0	0	208	-25	-28	-1	122	-35	149	275	101020	Z
A	23400	0	0	207	-28	-31	-4	122	-35	149	275	101020	Z
A	23388	1	0	207	-29	-31	-1	125	-31	146	275	101020	Z
A	23400	0	0	207	-28	-31	-5	125	-31	146	275	101020	Z
A	23388	0	0	208	-26	-28	-2	125	-31	146	275	101020	Z
A	23380	0	-1	206	-26	-29	-4	118	-37	150	275	101020	Z
A	23488	1	-1	206	-27	-31	-4	118	-37	150	275	101020	Z
A	23480	0	1	208	-28	-29	-4	122	-34	148	275	101020	Z
A	23408	0	0	207	-25	-30	-4	122	-34	148	275	101020	Z
A	23392	0	0	205	-25	-33	-2	122	-34	148	275	101020	Z
A	23400	0	-1	207	-27	-26	-4	123	-34	147	275	101020	Z
A	23440	0	0	206	-25	-30	0	123	-34	147	275	101020	Z
A	23304	0	1	208	-24	-30	-4	123	-34	147	275	101020	Z
A	23400	0	0	207	-26	-28	-1	119	-38	150	275	101020	Z
A	23392	0	0	206	-30	-31	-6	119	-38	150	275	101020	Z
A	23416	0	1	207	-27	-34	-2	119	-38	150	275	101020	Z
A	23376	0	0	206	-26	-30	-7	126	-34	149	275	101020	Z
A	23400	0	0	207	-25	-28	-4	126	-34	149	275	101020	Z
A	23396	1	0	207	-24	-26	-4	126	-34	149	275	101020	Z
A	23380	0	0	208	-26	-28	-5	121	-35	147	275	101020	Z
A	23392	0	0	208	-26	-33	-4	121	-35	147	275	101020	Z
A	23404	0	0	208	-21	-33	-6	121	-35	147	275	101020	Z
A	23392	0	0	209	-28	-30	-3	122	-36	150	275	101020	Z
A	23388	0	0	208	-27	-31	-6	122	-36	150	275	101020	Z
A	23404	1	0	208	-29	-33	-3	122	-36	150	275	101020	Z
A	23388	0	0	208	-26	-32	-4	125	-32	148	275	101020	Z
A	23388	0	0	206	-30	-32	-2	125	-32	148	275	101020	Z
A	23412	0	1	205	-29	-31	-3	125	-32	148	275	101020	Z
A	23412	1	0	206	-27	-33	-4	119	-37	150	275	101020	Z
A	23396	1	-1	206	-25	-29	-3	119	-37	150	275	101020	Z
A	23468	0	1	206	-24	-31	-5	119	-37	150	275	101020	Z
A	23396	-1	0	208	-28	-30	-2	123	-33	149	275	101020	Z
A	23468	0	0	209	-28	-32	-4	123	-33	149	275	101020	Z
A	23384	0	0	207	-24	-33	-5	123	-34	147	275	101020	Z
A	23380	0	0	206	-27	-29	-3	123	-34	147	275	101020	Z
A	23408	0	0	205	-29	-35	-1	123	-34	147	275	101020	Z
A	23392	1	0	209	-29	-26	-3	120	-39	152	275	101020	Z
A	23372	0	0	209	-28	-32	-4	120	-39	152	275	101020	Z
A	23388	0	0	205	-27	-35	-5	120	-39	152	275	101020	Z
A	23372	0	0	207	-23	-33	-3	125	-32	147	275	101020	Z
A	23392	0	0	207	-24	-28	-6	125	-32	147	275	101036	Z
A	23404	1	0	206	-27	-32	-4	125	-32	147	275	101036	Z
A	23408	1	0	207	-25	-34	-2	121	-36	148	275	101036	Z
A	23392	0	0	207	-27	-31	-4	121	-36	148	275	101036	Z
A	23396	0	0	206	-24	-32	-3	121	-36	148	275	101036	Z
A	23396	0	0	206	-26	-32	-7	121	-35	151	275	101036	Z
A	23380	0	0	206	-28	-32	-4	121	-35	151	275	101036	Z
A	23392	0	0	204	-27	-30	-5	121	-35	151	275	101036	Z
A	23408	0	0	208	-28	-30	-5	125	-32	148	275	101036	Z
A	23396	1	0	207	-24	-31	-6	125	-32	148	275	101036	Z
A	23404	0	0	207	-24	-30	-2	125	-32	148	275	101036	Z
A	23392	0	0	206	-25	-31	-3	117	-37	149	275	101036	Z
A	23380	-1	0	207	-29	-30	-8	117	-37	149	275	101036	Z
A	23480	-1	1	208	-29	-33	-5	117	-37	149	275	101036	Z
A	23484	0	0	206	-24	-30	-3	123	-33	147	275	101036	Z
A	23408	0	0	207	-25	-32	-2	123	-33	147	275	101036	Z
A	23412	0	0	207	-23	-33	-6	123	-33	147	275	101036	Z
A	23392	0	1	206	-26	-31	-3	123	-34	148	275	101036	Z
A	23400	0	0	208	-28	-31	-6	123	-34	148	275	101036	Z
A	23392	1	0	206	-26	-30	-2	123	-34	148	275	101036	Z
A	23388	-1	1	206	-28	-32	-7	120	-38	149	275	101036	Z
A	23480	-1	0	207	-28	-29	-3	120	-38	149	275	101036	Z
A	23484	0	0	207	-29	-33	-6	126	-32	148	275	101036	Z
A	23400	0	0	206	-30	-30	-4	126	-32	148	275	101036	Z
A	23388	0	0	208	-26	-31	-2	126	-32	148	275	101036	Z
A	23396	0	0	207	-28	-32	-5	121	-37	148	275	101036	Z
A	23392	0	0	206	-26	-32	-3	121	-37	148	275	101036	Z
A	23400	0	0	207	-28	-28	-9	121	-37	148	275	101036	Z
A	23396	1	-1	206	-27	-32	-4	120	-35	151	275	101036	Z
A	23484	0	0	207	-27	-29	-5	120	-35	151	275	101036	Z
A	23400	0	0	207	-24	-30	-4	120	-35	151	275	101036	Z
A	23392	0	0	207	-23	-31	-3	125	-32	147	275	101036	Z
A	23384	0	0	207	-28	-28	-3	125	-32	147	275	101036	Z
A	23396	-1	0	206	-29	-30	-5	125	-32	147	275	101036	Z
A	23488	0	0	205	-26	-32	-4	119	-36	149	275	101036	Z
A	23376	1	0	207	-28	-28	-3	119	-36	149	275	101036	Z
A	23396	0	0	207	-25	-30	-5	119	-36	149	275	101036	Z
A	23408	0	0	206	-24	-32	-4	124	-33	149	275	101036	Z
A	23400	0	0	205	-30	-29	-5	124	-33	149	275	101036	Z
A	23384	1	0	206	-28	-32	-3	124	-33	149	275	101036	Z
A	23392	0	1	209	-27	-26	-3	124	-34	147	275	101036	Z
A	23404	1	0	207	-27	-29	-5	124	-34	147	275	101036	Z
A	23376	1	0	206	-25	-34	-1	124	-34	147	275	101036	Z
A	23392	0	0	208	-25	-32	-6	118	-38	150	275	101036	Z
A	23416	1	0	207	-25	-29	-2	118	-38	150	275	101036	Z
A	23404	0	-1	207	-28	-30	-5	118	-38	150	275	101036	Z
A	23472	1	0	207	-28	-30	-2	126	-33	148	275	101036	Z
A	23404	0	-1	208	-29	-31	-5	126	-33	148	275	101036	Z
A	23476	0	0	207	-27	-32	-4	122	-36	148	275	101036	Z
A	23376	0	0	205	-28	-30	-5	122	-36	148	275	101036	Z
A	23384	0	0	206	-28	-30	-6	122	-36	148	275	101036	Z
A	23776	0	0	209	-25	-32	-3	121	-37	150	275	101023	Z
A	23388	0	-1	209	-25	-29	-6	121	-37	150	275	101023	Z
A	23476	0	0	208	-28	-30	-2	121	-37	150	275	101023	Z
A	23404	-1	-1	206	-26	-29	-5	125	-31	146	275	101023	Z
A	23592	0	0	208	-26	-30	-4	125	-31	146	275	101023	Z
A	23412	0	0	206	-23	-31	-4	125	-31	146	275	101023	Z
A	23372	0	0	207	-30	-32	-5	119	-37	149	275	101023	Z
A	23404	0	1	207	-26	-31	-2	119	-37	149	275	101023	Z
A	23404	1	1	206	-27	-34	-3	119	-37	149	275	101023	Z
A	23376	0	0	208	-27	-35	-3	122	-33	150	275	101023	Z
A	23400	0	0	207	-26	-29	-7	122	-33	150	275	101023	Z
A	23412	-1	0	206	-29	-30	-1	122	-33	150	275	101023	Z
A	23500	0	1	207	-28	-29	-6	123	-32	146	275	101023	Z
A	23372	0	0	207	-25	-30	-4	123	-32	146	275	101023	Z
A	23392	-1	0	208	-28	-31	-3	123	-32	146	275	101023	Z
A	23488	0	0	207	-23	-28	1	119	-37	149	275	101023	Z
A	23300	0	0	207	-26	-33	-5	119	-37	149	275	101023	Z
A	23404	0	-1	208	-27	-30	-4	119	-37	149	275	101023	Z
A	23492	0	1	206	-27	-31	-5	125	-33	149	275	101023	Z
A	23408	0	0	207	-26	-32	-6	125	-33	149	275	101023	Z
A	23388	0	0	206	-26	-32	-3	125	-33	149	275	101023	Z
A	23392	-1	0	207	-23	-30	-4	121	-37	148	275	101023	Z
A	23476	0	0	206	-26	-28	-3	121	-37	148	275	101023	Z
A	23388	1	0	208	-25	-29	-6	121	-37	148	275	101023	Z
A	23380	0	1	207	-27	-33	-3	120	-37	150	275	101023	Z
A	23400	-1	0	206	-24	-31	-4	120	-37	150	275	101023	Z
A	23484	0	0	207	-28	-30	-3	126	-31	149	275	101023	Z
A	23412	0	-1	208	-26	-29	-5	126	-31	149	275	101023	Z
A	23472	0	0	207	-29	-32	-4	126	-31	149	275	101023	Z
A	23396	1	0	207	-25	-30	-4	119	-37	150	275	101023	Z
A	23388	0	0	208	-23	-29	-7	119	-37	150	275	101023	Z
A	23388	0	0	207	-27	-31	-2	119	-37	150	275	101023	Z
A	23384	0	0	206	-27	-30	-8	121	-34	149	275	101023	Z
A	23380	0	0	207	-27	-30	0	121	-34	149	275	101023	Z
A	23300	0	0	205	-24	-33	-3	121	-34	149	275	101023	Z
A	23400	0	0	208	-28	-30	-2	124	-33	146	275	101023	Z
A	23388	0	0	206	-25	-30	-3	124	-33	146	275	101023	Z
A	23384	1	0	208	-25	-31	-3	124	-33	146	275	101023	Z
A	23396	-1	1	207	-26	-30	-7	119	-39	149	275	101023	Z
A	23476	0	0	207	-27	-32	-4	119	-39	149	275	101023	Z
A	23412	-1	1	206	-26	-29	-1	119	-39	149	275	101023	Z
A	23480	0	-1	207	-25	-33	-4	126	-33	150	275	101023	Z
A	23464	0	0	207	-27	-31	-3	126	-33	150	275	101023	Z
A	23408	-1	0	205	-25	-29	-7	126	-33	150	275	101023	Z
A	23472	0	0	205	-25	-29	-2	120	-35	148	275	101023	Z
A	23388	-2	0	207	-26	-31	-3	120	-35	148	275	101023	Z
A	23476	1	0	209	-23	-29	-4	120	-35	148	275	101023	Z
A	23392	0	0	208	-25	-32	-3	121	-38	150	275	101023	Z
A	23408	1	0	206	-25	-30	-5	121	-38	150	275	101023	Z
A	23408	-1	1	208	-26	-29	-4	121	-38	150	275	101023	Z
A	23848	0	0	207	-25	-30	-5	126	-31	148	275	101020	Z
A	23408	1	-1	208	-26	-31	-1	126	-31	148	275	101020	Z
A	23480	0	0	208	-31	-33	-2	119	-37	149	275	101020	Z
A	23396	0	0	209	-27	-33	-3	119	-37	149	275	101020	Z
A	23400	0	0	206	-28	-29	-2	119	-37	149	275	101020	Z
A	23384	0	0	208	-28	-30	-3	121	-34	150	275	101020	Z
A	23380	1	0	206	-27	-30	-4	121	-34	150	275	101020	Z
A	23388	0	-1	206	-23	-27	-6	121	-34	150	275	101020	Z
A	23488	1	0	206	-28	-32	-3	125	-33	147	275	101020	Z
A	23412	1	0	206	-26	-30	-7	125	-33	147	275	101020	Z
A	23396	0	0	204	-30	-30	-3	125	-33	147	275	101020	Z
A	23384	0	0	206	-28	-30	-6	119	-38	150	275	101020	Z
A	23360	0	0	207	-27	-32	0	119	-38	150	275	101020	Z
A	23308	-1	0	208	-27	-29	-6	119	-38	150	275	101020	Z
A	23472	0	0	208	-28	-32	-3	125	-32	148	275	101020	Z
A	23396	0	0	207	-27	-31	-5	125	-32	148	275	101020	Z
A	23388	1	0	206	-24	-31	-5	125	-32	148	275	101020	Z
A	23380	0	0	208	-29	-30	-2	122	-37	147	275	101020	Z
A	23404	1	0	207	-26	-35	-6	122	-37	147	275	101020	Z
A	23388	-1	0	207	-26	-29	-3	122	-37	147	275	101020	Z
A	23476	-1	0	207	-26	-29	-6	120	-37	151	275	101020	Z
A	23488	1	-1	207	-25	-33	-4	120	-37	151	275	101020	Z
A	23472	1	0	206	-27	-30	-5	120	-37	151	275	101020	Z
A	23412	0	0	205	-26	-33	-4	126	-33	148	275	101020	Z
A	23396	0	0	208	-23	-32	-3	126	-33	148	275	101020	Z
A	23392	1	0	206	-27	-35	-2	126	-33	148	275	101020	Z
A	23400	1	-1	206	-26	-30	-2	119	-36	149	275	101020	Z
A	23488	0	0	207	-27	-31	-3	119	-36	149	275	101020	Z
A	23384	0	1	206	-26	-30	-4	122	-34	149	275	101020	Z
A	23400	0	1	205	-25	-30	-6	122	-34	149	275	101020	Z
A	23420	0	1	207	-25	-32	-2	122	-34	149	275	101020	Z
A	23416	0	-1	209	-26	-35	-4	124	-33	147	275	101020	Z
A	23468	0	0	206	-27	-32	2	124	-33	147	275	101020	Z
A	23308	0	0	208	-27	-34	-5	124	-33	147	275	101020	Z
A	23404	0	0	208	-25	-29	-1	118	-37	149	275	101020	Z
A	23380	0	0	208	-29	-33	-4	118	-37	149	275	101020	Z
A	23384	0	0	208	-25	-32	-3	118	-37	149	275	101020	Z
A	23376	0	0	207	-27	-30	0	125	-33	147	275	101020	Z
A	23296	0	0	205	-25	-31	-3	125	-33	147	275	101020	Z
A	23388	0	0	207	-28	-32	-2	125	-33	147	275	101020	Z
A	23380	0	1	206	-29	-32	-4	122	-34	148	275	101020	Z
A	23400	-1	2	207	-28	-31	-2	122	-34	148	275	101020	Z
A	23464	0	0	207	-27	-32	-10	122	-34	148	275	101020	Z
A	23484	0	0	205	-27	-29	-1	120	-37	151	275	101020	Z
A	23408	0	1	207	-29	-28	-6	120	-37	151	275	101020	Z
A	23380	0	0	207	-26	-29	-6	120	-37	151	275	101020	Z
A	23388	0	0	208	-27	-32	-2	125	-32	147	275	101020	Z
A	23392	1	0	206	-28	-32	-2	125	-32	147	275	101020	Z
A	23376	0	0	208	-25	-28	-3	125	-32	147	275	101020	Z
A	23516	0	0	207	-26	-32	-7	120	-36	149	275	101020	Z
A	23776	0	0	206	-27	-29	-3	120	-36	149	275	101020	Z
A	23380	0	1	206	-29	-33	-2	120	-36	149	275	101020	Z
A	23404	0	0	207	-29	-30	-1	122	-35	150	275	101020	Z
A	23416	1	0	207	-27	-30	-6	122	-35	150	275	101020	Z
A	23392	-1	0	206	-26	-30	-3	122	-35	150	275	101020	Z
A	23472	0	1	208	-28	-30	-2	125	-32	148	275	101020	Z
A	23400	1	0	206	-26	-29	-2	125	-32	148	275	101020	Z
A	23392	-1	0	208	-29	-30	-2	118	-37	149	275	101020	Z
A	23476	0	-1	206	-27	-31	-6	118	-37	149	275	101020	Z
A	23472	0	0	206	-24	-31	-1	118	-37	149	275	101020	Z
A	23400	0	0	206	-26	-32	-4	125	-33	149	275	101020	Z
A	23396	0	0	208	-23	-32	-3	125	-33	149	275	101020	Z
A	23400	0	1	207	-28	-27	-5	125	-33	149	275	101020	Z
A	23372	0	0	207	-25	-32	-3	122	-35	148	275	101020	Z
A	23400	0	-1	206	-29	-32	-2	122	-35	148	275	101020	Z
A	23476	0	1	206	-26	-28	-3	122	-35	148	275	101020	Z
A	23372	0	0	206	-24	-31	-6	120	-37	150	275	101020	Z
A	23368	1	0	205	-27	-28	-3	120	-37	150	275	101020	Z
A	23400	0	0	207	-26	-29	-2	120	-37	150	275	101020	Z
A	23384	0	0	209	-25	-30	-6	126	-32	146	275	101020	Z
A	23396	1	0	207	-25	-30	-3	126	-32	146	275	101020	Z
A	23400	-1	0	206	-26	-30	-6	126	-32	146	275	101020	Z
A	23480	0	0	205	-28	-31	-3	120	-37	149	275	101020	Z
A	23396	1	0	207	-28	-28	-5	120	-37	149	275	101020	Z
A	23388	0	1	207	-26	-32	-5	120	-37	149	275	101020	Z
A	23412	0	1	206	-26	-29	-3	122	-34	149	275	101020	Z
A	23400	1	1	209	-25	-33	-5	122	-34	149	275	101020	Z
A	23376	-1	0	206	-27	-30	-1	122	-34	149	275	101020	Z
A	23456	0	0	207	-26	-32	0	124	-33	147	275	101020	Z
A	23296	0	-1	206	-25	-32	-4	124	-33	147	275	101020	Z
A	23488	1	0	208	-25	-30	-4	124	-33	147	275	101020	Z
A	23404	0	0	207	-27	-29	-4	118	-36	149	275	101020	Z
A	23396	0	0	206	-25	-33	-3	118	-36	149	275	101020	Z
A	23396	1	0	207	-28	-32	-3	124	-33	149	275	101020	Z
A	23400	0	0	207	-28	-33	-7	124	-33	149	275	101020	Z
A	23396	0	-1	206	-31	-30	-1	124	-33	149	275	101020	Z
A	23472	0	0	206	-27	-30	-4	123	-36	149	275	101020	Z
A	23380	0	0	206	-25	-31	-4	123	-36	149	275	101020	Z
A	23392	-1	0	209	-25	-30	-5	123	-36	149	275	101020	Z
A	23504	0	0	207	-24	-28	-5	120	-38	149	275	101020	Z
A	23404	0	0	207	-24	-32	-3	120	-38	149	275	101020	Z
A	23392	0	0	207	-27	-32	-7	120	-38	149	275	101020	Z
A	23380	1	1	207	-25	-33	0	127	-32	149	275	101020	Z
A	23292	0	0	206	-23	-29	-6	127	-32	149	275	101020	Z
A	23392	0	0	207	-25	-33	-2	127	-32	149	275	101020	Z
A	23416	1	0	207	-27	-29	-7	121	-36	148	275	101020	Z
A	23408	0	0	208	-25	-29	-2	121	-36	148	275	101020	Z
A	23376	0	0	208	-26	-30	-2	121	-36	148	275	101020	Z
A	23388	0	0	208	-28	-29	-5	121	-34	150	275	101020	Z
A	23396	0	-1	204	-23	-31	-1	121	-34	150	275	101020	Z
A	23472	0	0	207	-28	-32	-4	121	-34	150	275	101023	Z
A	23396	0	0	206	-25	-33	-1	125	-32	147	275	101023	Z
A	23412	1	-1	209	-29	-30	-4	125	-32	147	275	101023	Z
A	23480	0	0	207	-24	-30	-2	125	-32	147	275	101023	Z
A	23396	0	0	207	-27	-29	-5	118	-37	150	275	101023	Z
A	23396	1	0	207	-27	-30	-5	118	-37	150	275	101023	Z
A	23400	0	1	207	-26	-32	-5	118	-37	150	275	101023	Z
A	23388	0	0	205	-25	-35	-3	123	-34	149	275	101023	Z
A	23396	0	0	206	-26	-29	-3	123	-34	149	275	101023	Z
A	23388	0	0	207	-26	-30	-5	123	-34	149	275	101023	Z
A	23408	0	0	207	-26	-31	-2	124	-35	147	275	101023	Z
A	23376	1	0	206	-26	-32	-4	124	-35	147	275	101023	Z
A	23392	1	1	206	-29	-32	-2	119	-39	150	275	101023	Z
A	23416	0	1	207	-26	-31	-5	119	-39	150	275	101023	Z
A	23380	0	1	209	-26	-30	-2	119	-39	150	275	101023	Z
A	23396	0	0	206	-27	-32	-7	126	-33	148	275	101023	Z
A	23412	0	-1	207	-26	-29	-5	126	-33	148	275	101023	Z
A	23480	0	0	207	-25	-34	-4	126	-33	148	275	101023	Z
A	23392	0	1	207	-26	-31	-2	119	-35	148	275	101023	Z
A	23356	0	1	208	-26	-31	0	119	-35	148	275	101023	Z
A	23296	0	0	207	-27	-30	-4	119	-35	148	275	101023	Z
A	23388	0	0	206	-28	-28	-4	120	-34	150	275	101023	Z
A	23404	0	0	209	-25	-29	-7	120	-34	150	275	101023	Z
A	23404	0	0	208	-25	-29	-3	120	-34	150	275	101023	Z
A	23400	-1	1	206	-26	-31	-3	125	-32	148	275	101023	Z
A	23468	0	0	208	-28	-32	-3	125	-32	148	275	101023	Z
A	23380	0	0	205	-27	-29	-7	125	-32	148	275	101023	Z
A	23352	0	0	208	-28	-33	0	118	-37	150	275	101023	Z
A	23324	0	1	206	-31	-32	-4	118	-37	150	275	101023	Z
A	23412	0	0	208	-27	-34	-6	118	-37	150	275	101023	Z
A	23376	0	0	207	-24	-29	-4	123	-34	148	275	101023	Z
A	23404	0	0	207	-26	-31	-2	123	-34	148	275	101023	Z
A	23388	0	0	207	-27	-31	-6	123	-34	148	275	101023	Z
A	23384	0	-1	206	-27	-30	-5	123	-34	146	275	101023	Z
A	23468	0	0	205	-29	-32	-1	123	-34	146	275	101023	Z
A	23408	-1	0	206	-24	-32	-4	123	-34	146	275	101023	Z
A	23496	0	0	208	-28	-28	-4	119	-38	150	275	101023	Z
A	23388	0	0	206	-26	-28	-5	119	-38	150	275	101023	Z
A	23396	0	1	208	-24	-27	-3	127	-33	149	275	101023	Z
A	23388	0	0	206	-28	-30	-3	127	-33	149	275	101023	Z
A	23376	0	0	205	-26	-30	-5	127	-33	149	275	101023	Z
A	23400	-1	0	208	-25	-31	-1	120	-36	148	275	101023	Z
A	23480	0	1	207	-29	-33	-6	120	-36	148	275	101023	Z
A	23400	0	1	208	-27	-32	-1	120	-36	148	275	101023	Z
A	23396	0	0	209	-26	-32	-5	121	-35	151	275	101023	Z
A	23396	0	0	207	-28	-31	-5	121	-35	151	275	101023	Z
A	23380	0	0	209	-27	-28	-4	121	-35	151	275	101023	Z
A	23392	0	0	205	-25	-31	-1	124	-32	147	275	101023	Z
A	23388	0	0	207	-27	-31	-5	124	-32	147	275	101023	Z
A	23408	0	-1	209	-27	-30	-1	124	-32	147	275	101023	Z
A	23480	1	0	205	-25	-32	-6	118	-37	150	275	101023	Z
A	23752	0	0	206	-27	-29	-6	118	-37	150	275	101023	Z
A	23412	0	0	207	-25	-32	-1	118	-37	150	275	101023	Z
A	23412	0	-1	206	-25	-30	-4	123	-34	149	275	101023	Z
A	23480	0	0	208	-27	-29	1	123	-34	149	275	101023	Z
A	23316	-1	0	206	-26	-31	-6	123	-34	149	275	101023	Z
A	23484	0	0	206	-26	-29	-3	122	-35	148	275	101023	Z
A	23384	0	0	205	-28	-30	-5	122	-35	148	275	101023	Z
A	23384	0	0	206	-25	-28	-3	122	-35	148	275	101023	Z
A	23396	1	0	206	-28	-31	-3	119	-38	151	275	101023	Z
A	23412	0	-1	208	-27	-31	-4	119	-38	151	275	101023	Z
A	23484	0	0	207	-25	-32	-1	119	-38	151	275	101023	Z
A	23396	0	0	205	-26	-32	-5	125	-33	148	275	101023	Z
A	23388	0	0	208	-27	-31	-4	125	-33	148	275	101023	Z
A	23396	0	1	205	-25	-34	-7	120	-36	148	275	101023	Z
A	23376	0	0	206	-27	-31	-3	120	-36	148	275	101023	Z
A	23396	-1	0	207	-24	-29	-7	120	-36	148	275	101023	Z
A	23488	0	0	207	-23	-28	-4	121	-34	151	275	101023	Z
A	23388	0	0	206	-29	-32	-3	121	-34	151	275	101023	Z
A	23380	0	0	208	-25	-33	-3	121	-34	151	275	101023	Z
A	23404	0	-1	204	-24	-30	-2	125	-32	147	275	101023	Z
A	23468	0	0	208	-24	-34	-3	125	-32	147	275	101023	Z
A	23372	0	0	206	-28	-32	-4	125	-32	147	275	101023	Z
A	23388	2	0	209	-23	-28	-5	118	-37	149	275	101023	Z
A	23396	0	0	208	-27	-31	-2	118	-37	149	275	101023	Z
A	23380	0	0	205	-26	-30	-5	118	-37	149	275	101023	Z
A	23360	0	0	206	-28	-31	0	124	-35	150	275	101023	Z
A	23300	1	-1	207	-25	-30	-4	124	-35	150	275	101023	Z
A	23472	1	0	207	-27	-32	-3	124	-35	150	275	101023	Z
A	23396	-1	1	208	-27	-32	-6	123	-34	148	275	101023	Z
A	23484	0	0	209	-27	-32	-5	123	-34	148	275	101023	Z
A	23412	1	0	207	-25	-31	-3	123	-34	148	275	101023	Z
A	23380	0	0	207	-25	-30	-4	120	-37	149	275	101023	Z
A	23392	0	0	209	-26	-33	-4	120	-37	149	275	101023	Z
A	23396	0	1	205	-26	-29	-4	120	-37	149	275	101023	Z
A	23392	1	0	207	-26	-29	-4	125	-33	147	275	101023	Z
A	23388	0	0	209	-26	-30	-2	125	-33	147	275	101023	Z
A	23404	0	0	207	-25	-32	-6	125	-33	147	275	101023	Z
A	23408	1	0	206	-29	-31	-8	122	-36	148	275	101023	Z
A	23392	1	1	207	-25	-33	-2	122	-36	148	275	101023	Z
A	23396	0	0	208	-25	-32	-4	122	-36	148	275	101023	Z
A	23392	0	0	206	-26	-31	-7	121	-37	151	275	101023	Z
A	23388	1	0	207	-25	-29	-5	121	-37	151	275	101023	Z
A	23400	0	1	206	-27	-28	-6	125	-32	145	275	101023	Z
A	23416	0	0	206	-26	-31	-1	125	-32	145	275	101023	Z
A	23396	0	0	207	-27	-34	-6	125	-32	145	275	101023	Z
A	23392	0	0	207	-27	-30	-1	118	-37	149	275	101023	Z
A	23404	0	0	208	-30	-31	-4	118	-37	149	275	101023	Z
A	23372	0	1	207	-27	-32	-5	118	-37	149	275	101023	Z
A	23396	0	1	206	-26	-31	-5	123	-34	149	275	101023	Z
A	23432	1	-1	206	-26	-27	-4	123	-34	149	275	101023	Z
A	23864	0	0	206	-27	-32	-2	123	-34	149	275	101030	Z
A	23388	0	0	207	-25	-34	-6	123	-34	147	275	101030	Z
A	23412	0	1	208	-23	-30	-4	123	-34	147	275	101030	Z
A	23416	-1	1	207	-26	-31	-4	123	-34	147	275	101030	Z
A	23444	0	0	206	-27	-29	0	119	-38	150	275	101030	Z
A	23316	0	0	206	-24	-32	-7	119	-38	150	275	101030	Z
A	23400	-1	0	207	-26	-29	-3	119	-38	150	275	101030	Z
A	23484	0	0	207	-25	-30	-3	126	-33	148	275	101030	Z
A	23384	0	1	207	-27	-31	-4	126	-33	148	275	101030	Z
A	23404	-1	0	207	-25	-29	-2	126	-33	148	275	101030	Z
A	23492	-1	0	205	-26	-33	-5	121	-36	148	275	101030	Z
A	23492	0	0	207	-27	-32	-3	121	-36	148	275	101030	Z
A	23392	0	0	207	-24	-30	-6	121	-36	148	275	101030	Z
A	23396	0	0	206	-24	-31	-3	121	-36	150	275	101030	Z
A	23380	-1	0	207	-28	-32	-8	121	-36	150	275	101030	Z
A	23468	0	0	207	-26	-30	-6	121	-36	150	275	101030	Z
A	23380	0	0	208	-25	-29	-6	125	-32	148	275	101030	Z
A	23400	0	1	205	-28	-29	-4	125	-32	148	275	101030	Z
A	23424	0	-1	206	-27	-32	-2	119	-37	150	275	101030	Z
A	23484	0	0	208	-28	-34	-7	119	-37	150	275	101030	Z
A	23396	0	1	207	-28	-31	-3	119	-37	150	275	101030	Z
A	23392	0	0	208	-25	-30	-4	123	-33	150	275	101030	Z
A	23388	0	0	208	-29	-32	-3	123	-33	150	275	101030	Z
A	23372	0	0	205	-25	-33	-6	123	-33	150	275	101030	Z
A	23392	0	0	209	-23	-32	-2	122	-33	146	275	101030	Z
A	23416	1	-1	207	-27	-31	-3	122	-33	146	275	101030	Z
A	23492	0	-1	206	-28	-31	-3	122	-33	146	275	101030	Z
A	23472	0	0	207	-31	-32	-4	119	-37	149	275	101030	Z
A	23392	-1	0	206	-28	-32	-3	119	-37	149	275	101030	Z
A	23492	0	-1	206	-26	-30	-3	119	-37	149	275	101030	Z
A	23472	0	0	207	-27	-29	-5	124	-32	149	275	101030	Z
A	23392	0	1	206	-28	-32	-3	124	-32	149	275	101030	Z
A	23396	0	0	208	-27	-32	-5	124	-32	149	275	101030	Z
A	23376	-1	0	207	-26	-31	0	122	-36	147	275	101030	Z
A	23392	0	0	208	-24	-31	-4	122	-36	147	275	101030	Z
A	23384	1	0	206	-25	-29	-1	122	-36	147	275	101030	Z
A	23400	1	0	207	-27	-30	-6	120	-36	150	275	101030	Z
A	23384	0	1	206	-28	-31	-4	120	-36	150	275	101030	Z
A	23396	-1	1	206	-28	-28	-6	120	-36	150	275	101030	Z
A	23488	0	0	206	-28	-31	-5	126	-32	147	275	101030	Z
A	23376	0	0	206	-27	-31	0	126	-32	147	275	101030	Z
A	23292	-1	0	206	-28	-30	-3	126	-32	147	275	101030	Z
A	23476	0	1	204	-28	-31	-2	119	-37	150	275	101030	Z
A	23404	0	0	206	-26	-30	-2	119	-37	150	275	101030	Z
A	23372	0	0	207	-31	-32	2	119	-37	150	275	101030	Z
A	23308	-1	1	205	-26	-34	-5	122	-33	149	275	101030	Z
A	23476	-1	0	206	-24	-31	-2	122	-33	149	275	101030	Z
A	23500	0	0	207	-26	-27	-3	124	-34	146	275	101030	Z
A	23416	0	0	206	-23	-28	-3	124	-34	146	275	101030	Z
A	23508	0	1	208	-26	-30	-4	124	-34	146	275	101030	Z
A	23772	0	0	206	-23	-30	-3	119	-36	151	275	101020	Z
A	23412	0	0	206	-24	-30	-4	119	-36	151	275	101020	Z
A	23384	0	0	208	-23	-32	-4	119	-36	151	275	101020	Z
A	23400	0	1	205	-28	-31	-2	126	-33	150	275	101020	Z
A	23392	0	0	207	-26	-29	-4	126	-33	150	275	101020	Z
A	23388	0	0	207	-28	-30	-6	126	-33	150	275	101020	Z
A	23392	0	0	208	-27	-32	-3	121	-37	148	275	101020	Z
A	23416	0	-1	207	-27	-28	-4	121	-37	148	275	101020	Z
A	23488	0	0	207	-24	-28	-2	121	-37	148	275	101020	Z
A	23388	0	1	208	-27	-30	-6	121	-36	151	275	101020	Z
A	23372	0	1	207	-27	-29	0	121	-36	151	275	101020	Z
A	23284	1	0	207	-27	-30	-2	121	-36	151	275	101020	Z
A	23392	0	1	206	-26	-33	-1	125	-32	147	275	101020	Z
A	23396	0	0	206	-28	-31	-5	125	-32	147	275	101020	Z
A	23388	0	0	206	-29	-31	-2	125	-32	147	275	101020	Z
A	23396	0	1	208	-25	-30	-7	118	-37	148	275	101020	Z
A	23360	0	0	206	-25	-30	0	118	-37	148	275	101020	Z
A	23304	0	1	209	-28	-31	-4	118	-37	148	275	101020	Z
A	23392	0	1	207	-22	-30	-2	123	-33	148	275	101020	Z
A	23400	1	0	206	-29	-31	-6	123	-33	148	275	101020	Z
A	23408	-1	2	207	-27	-32	-7	123	-33	148	275	101020	Z
A	23468	0	0	208	-29	-33	-1	125	-33	147	275	101020	Z
A	23408	1	-1	206	-23	-28	-6	125	-33	147	275	101020	Z
A	23480	-1	1	207	-29	-31	-2	119	-38	150	275	101020	Z
A	23488	0	0	208	-28	-31	-7	119	-38	150	275	101020	Z
A	23384	0	0	207	-27	-32	1	119	-38	150	275	101020	Z
