        0.0373731133647986     -1.85959854552299e-05      9.64444775629508e-05
      0.000557812846991947        0.0369549837158209     -8.72927629174908e-05
     -1.39341034395527e-06     -0.000285345151446407        0.0384855683254305
           16.937408636394
        -0.244587410618034
          -47.786254768961

        0.0719195739643368     -0.000659382980006128       0.00469644554418346
      0.000672116436035442        0.0708893938039835     -0.000915752714424852
       0.00179939827631711       0.00391263026513617        0.0713123506809749
          -25.381918771483
         -15.7209688725843
         -1.88703693133698

       0.00391044243174217     -2.16564910512926e-05      0.000197875467316606
                         0       0.00377982294806816      5.04957187525134e-05
                         0                         0       0.00439871704651264
          24.3344239159068
         -119.363215663317
         -33.5780247153656
