A	23484	0	3	205	-26	-29	-9	63	-242	113	280	101505	Z
A	23388	0	3	204	-26	-28	-10	63	-242	113	280	101505	Z
A	23468	-1	4	204	-27	-25	-12	63	-242	113	280	101505	Z
A	23552	-1	3	206	-25	-27	-12	64	-241	111	280	101505	Z
A	23572	-1	3	207	-26	-26	-10	64	-241	111	280	101505	Z
A	23556	-1	2	206	-25	-28	-14	64	-241	111	280	101505	Z
A	23548	-1	2	206	-28	-27	-10	62	-242	110	280	101505	Z
A	23552	-1	3	206	-25	-29	-11	62	-242	110	280	101505	Z
A	23556	-1	3	206	-25	-25	-10	62	-241	110	280	101505	Z
A	23548	0	3	205	-27	-25	-8	63	-241	113	280	101505	Z
A	23408	-1	2	206	-23	-29	-12	63	-241	113	280	101505	Z
A	23556	-1	2	206	-27	-28	-11	63	-243	111	280	101505	Z
A	23564	-1	2	204	-27	-29	-9	63	-243	111	280	101505	Z
A	23480	-1	2	206	-26	-23	-8	63	-243	111	280	101505	Z
A	23484	-1	2	205	-29	-25	-10	64	-241	110	280	101505	Z
A	23560	0	2	205	-25	-29	-8	64	-241	110	280	101505	Z
A	23400	0	3	206	-25	-28	-8	64	-241	110	280	101505	Z
A	23388	-2	3	206	-26	-26	-8	63	-242	111	280	101505	Z
A	23472	-2	3	207	-27	-27	-12	63	-242	111	280	101505	Z
A	23948	-1	4	206	-24	-27	-9	63	-242	111	280	101505	Z
A	23488	0	4	206	-25	-28	-12	64	-242	111	280	101505	Z
A	23468	0	4	206	-23	-27	-10	64	-242	111	280	101505	Z
A	23464	-1	3	205	-26	-28	-9	64	-242	111	280	101505	Z
A	23480	0	2	206	-27	-30	-12	63	-242	111	280	101505	Z
A	23480	-1	4	204	-28	-28	-11	63	-242	111	280	101505	Z
A	23568	-2	3	207	-27	-26	-11	63	-242	111	280	101505	Z
A	23560	0	4	205	-26	-26	-9	64	-241	111	280	101505	Z
A	23408	-1	3	205	-24	-25	-10	64	-241	111	280	101505	Z
A	23584	-1	3	205	-28	-25	-13	64	-241	111	280	101505	Z
A	23568	0	3	207	-24	-28	-9	63	-243	111	280	101505	Z
A	23400	-1	4	205	-24	-27	-13	63	-243	111	280	101505	Z
A	23572	-1	3	205	-27	-31	-7	63	-243	111	280	101505	Z
A	23484	-1	3	206	-27	-28	-13	63	-241	113	280	101505	Z
A	23584	-1	3	205	-28	-29	-7	63	-241	113	280	101505	Z
A	23476	-1	4	206	-23	-29	-10	63	-241	110	280	101505	Z
A	23556	-1	3	205	-26	-27	-9	63	-241	110	280	101505	Z
A	23480	-1	3	205	-28	-28	-12	63	-241	110	280	101505	Z
A	23556	-1	3	207	-25	-29	-9	62	-241	111	280	101505	Z
A	23476	-1	3	206	-24	-27	-10	62	-241	111	280	101505	Z
A	23564	0	3	205	-27	-28	-9	62	-241	111	280	101505	Z
A	23396	-3	3	207	-25	-27	-11	63	-242	114	280	101505	Z
A	23540	0	3	206	-24	-26	-10	63	-242	114	280	101505	Z
A	23468	0	3	206	-26	-29	-9	63	-242	114	280	101505	Z
A	23376	0	4	204	-26	-29	-10	63	-242	111	280	101505	Z
A	23480	0	3	205	-24	-27	-9	63	-242	111	280	101505	Z
A	23396	-1	3	205	-27	-28	-10	63	-242	111	280	101505	Z
A	23556	-2	2	205	-26	-31	-12	63	-241	112	280	101505	Z
A	23552	0	4	206	-26	-27	-8	63	-241	112	280	101505	Z
A	23404	0	3	204	-22	-28	-9	63	-241	112	280	101505	Z
A	23376	0	3	206	-23	-28	-9	63	-242	110	280	101505	Z
A	23388	-1	4	206	-24	-28	-13	63	-242	110	280	101505	Z
A	23572	-1	3	206	-23	-24	-10	63	-242	110	280	101505	Z
A	23544	0	3	205	-24	-27	-11	63	-242	111	280	101505	Z
A	23468	0	3	206	-27	-27	-10	63	-242	111	280	101505	Z
A	23484	-1	3	204	-25	-29	-8	63	-242	111	280	101505	Z
A	23492	-1	2	206	-25	-27	-10	63	-242	112	280	101505	Z
A	23564	-2	3	206	-26	-23	-10	63	-242	112	280	101505	Z
A	23588	-2	3	207	-26	-28	-9	63	-242	110	280	101505	Z
A	23500	-1	3	205	-25	-31	-9	63	-242	110	280	101505	Z
A	23468	-1	2	205	-28	-29	-9	63	-242	110	280	101505	Z
A	23476	-1	4	206	-26	-27	-9	63	-242	112	280	101505	Z
A	23484	-1	3	206	-25	-26	-13	63	-242	112	280	101505	Z
A	23564	0	3	206	-24	-27	-9	63	-242	112	280	101505	Z
A	23388	-1	3	206	-22	-29	-12	63	-242	113	280	101505	Z
A	23580	0	3	206	-24	-27	-8	63	-242	113	280	101505	Z
A	23412	-1	3	205	-26	-25	-9	63	-242	113	280	101505	Z
A	23472	-1	3	206	-25	-25	-11	64	-242	109	280	101505	Z
A	23552	-1	2	207	-25	-29	-10	64	-242	109	280	101505	Z
A	23684	0	3	205	-22	-24	-12	64	-242	109	280	101505	Z
A	23864	-1	2	206	-26	-27	-9	62	-241	112	280	101496	Z
A	23480	-1	3	205	-26	-27	-12	62	-241	112	280	101496	Z
A	23548	-1	2	207	-24	-28	-10	62	-241	112	280	101496	Z
A	23556	0	2	205	-26	-25	-8	64	-243	112	280	101496	Z
A	23404	-1	2	207	-27	-28	-12	64	-243	112	280	101496	Z
A	23560	0	2	206	-28	-29	-8	64	-243	112	280	101496	Z
A	23408	0	2	205	-26	-30	-12	62	-242	111	280	101496	Z
A	23476	-2	2	206	-24	-25	-11	62	-242	111	280	101496	Z
A	23568	-1	3	206	-24	-27	-11	62	-242	111	280	101496	Z
A	23564	-1	3	205	-22	-32	-8	63	-241	112	280	101496	Z
A	23472	-2	3	207	-28	-29	-12	63	-241	112	280	101496	Z
A	23564	-1	3	206	-23	-27	-6	63	-241	112	280	101496	Z
A	23464	-2	4	207	-24	-32	-10	64	-242	110	280	101496	Z
A	23560	-1	2	206	-25	-26	-7	64	-242	110	280	101496	Z
A	23464	-1	3	207	-28	-31	-12	63	-241	111	280	101496	Z
A	23540	-2	4	206	-29	-28	-9	63	-241	111	280	101496	Z
A	23480	-1	2	207	-25	-29	-9	63	-241	111	280	101496	Z
A	23460	-1	4	206	-22	-29	-12	63	-241	112	280	101496	Z
A	23568	-1	2	208	-26	-29	-10	63	-241	112	280	101496	Z
A	23560	-1	2	206	-27	-26	-10	63	-241	112	280	101496	Z
A	23564	0	2	207	-27	-26	-7	64	-242	110	280	101496	Z
A	23400	0	3	206	-27	-28	-9	64	-242	110	280	101496	Z
A	23380	0	2	207	-23	-29	-10	64	-242	110	280	101496	Z
A	23480	-1	3	206	-24	-28	-12	62	-242	113	280	101496	Z
A	23548	-1	2	206	-24	-27	-11	62	-242	113	280	101496	Z
A	23564	-1	1	205	-24	-28	-8	62	-242	113	280	101496	Z
A	23492	-2	4	205	-29	-25	-10	63	-243	111	280	101496	Z
A	23564	-1	2	207	-26	-27	-9	63	-243	111	280	101496	Z
A	23496	-1	3	206	-26	-26	-11	63	-243	111	280	101496	Z
A	23588	-1	2	205	-25	-26	-7	63	-241	110	280	101496	Z
A	23496	-1	3	206	-26	-27	-10	63	-241	110	280	101496	Z
A	23600	0	3	205	-25	-26	-13	63	-241	110	280	101496	Z
A	23488	-1	4	206	-25	-27	-10	63	-241	111	280	101496	Z
A	23588	-1	2	207	-26	-26	-11	63	-241	111	280	101496	Z
A	23588	-1	2	207	-23	-27	-9	63	-241	111	280	101496	Z
A	23496	-1	3	206	-24	-25	-11	64	-241	111	280	101496	Z
A	23588	-2	3	206	-25	-27	-5	64	-241	111	280	101496	Z
A	23484	0	2	206	-23	-30	-10	63	-241	112	280	101496	Z
A	23492	-1	2	206	-27	-27	-10	63	-241	112	280	101496	Z
A	23556	-1	4	205	-25	-27	-13	63	-241	112	280	101496	Z
A	23552	-1	3	206	-24	-27	-13	64	-242	111	280	101496	Z
A	23568	0	3	205	-25	-25	-10	64	-242	111	280	101496	Z
A	23476	-1	2	205	-25	-27	-9	64	-242	111	280	101496	Z
A	23456	0	2	204	-26	-28	-11	62	-242	110	280	101496	Z
A	23468	-2	2	207	-25	-26	-13	62	-242	110	280	101496	Z
A	23564	-1	2	206	-25	-28	-8	62	-242	110	280	101496	Z
A	23476	-1	2	207	-28	-26	-13	63	-241	113	280	101496	Z
A	23556	0	3	206	-26	-26	-11	63	-241	113	280	101496	Z
A	23476	-1	1	206	-23	-25	-15	63	-241	113	280	101496	Z
A	23568	-1	2	207	-27	-27	-10	64	-242	111	280	101496	Z
A	23576	0	2	205	-26	-27	-6	64	-242	111	280	101514	Z
A	23408	0	2	205	-25	-28	-6	64	-242	111	280	101514	Z
A	23384	0	3	206	-27	-29	-8	62	-242	111	280	101514	Z
A	23372	-1	2	206	-22	-27	-10	62	-242	111	280	101514	Z
A	23564	0	2	204	-27	-28	-10	62	-242	111	280	101514	Z
A	23488	0	3	206	-26	-29	-10	63	-242	113	280	101514	Z
A	23488	-1	2	206	-25	-28	-8	63	-242	113	280	101514	Z
A	23488	-1	3	206	-26	-26	-13	63	-242	113	280	101514	Z
A	23568	-1	4	206	-24	-27	-10	63	-242	111	280	101514	Z
A	23580	-1	2	207	-27	-28	-13	63	-242	111	280	101514	Z
A	23564	-1	2	205	-25	-29	-12	62	-241	111	280	101514	Z
A	23580	-1	3	208	-27	-29	-9	62	-241	111	280	101514	Z
A	23488	-1	3	207	-26	-28	-13	62	-241	111	280	101514	Z
A	23580	-1	3	203	-26	-28	-9	63	-241	111	280	101514	Z
A	23496	-1	3	206	-25	-28	-13	63	-241	111	280	101514	Z
A	23572	0	3	205	-22	-31	-9	63	-241	111	280	101514	Z
A	23404	-1	3	205	-26	-25	-11	62	-241	111	280	101514	Z
A	23552	0	2	206	-26	-27	-9	62	-241	111	280	101514	Z
A	23400	0	2	207	-25	-28	-10	62	-241	111	280	101514	Z
A	23468	-1	3	206	-25	-27	-12	63	-243	112	280	101514	Z
A	23560	-1	4	205	-28	-31	-12	63	-243	112	280	101514	Z
A	23560	0	2	205	-26	-30	-8	63	-243	112	280	101514	Z
A	23392	0	3	205	-26	-27	-10	63	-242	110	280	101514	Z
A	23484	-1	3	206	-25	-26	-9	63	-242	110	280	101514	Z
A	23464	0	2	205	-25	-28	-6	63	-242	110	280	101514	Z
A	23392	-2	3	206	-23	-27	-11	63	-241	112	280	101514	Z
A	23568	-1	2	205	-26	-30	-8	63	-241	112	280	101514	Z
A	23480	0	2	205	-23	-31	-8	63	-241	112	280	101514	Z
A	23408	0	3	207	-21	-27	-9	64	-242	113	280	101514	Z
A	23376	-1	2	207	-26	-26	-6	64	-242	113	280	101514	Z
A	23484	0	3	204	-27	-27	-6	64	-242	113	280	101514	Z
A	23392	-1	3	206	-25	-27	-8	62	-242	110	280	101514	Z
A	23468	-2	4	207	-26	-28	-13	62	-242	110	280	101514	Z
A	23560	-1	4	205	-24	-29	-11	62	-242	110	280	101514	Z
A	23548	0	4	205	-25	-27	-13	64	-242	111	280	101514	Z
A	23492	-1	3	206	-27	-29	-9	64	-242	111	280	101514	Z
A	23476	-1	4	205	-27	-28	-12	65	-243	112	280	101514	Z
A	23564	0	2	207	-24	-26	-8	65	-243	112	280	101514	Z
A	23396	-1	4	204	-29	-26	-14	65	-243	112	280	101514	Z
A	23572	-1	4	205	-25	-29	-8	64	-242	112	280	101514	Z
A	23472	-1	2	206	-25	-30	-10	64	-242	112	280	101514	Z
A	23556	-1	4	206	-24	-28	-10	64	-242	112	280	101514	Z
A	23556	-1	3	206	-23	-28	-9	63	-241	110	280	101514	Z
A	23488	-1	3	206	-26	-27	-12	63	-241	110	280	101514	Z
A	23568	-1	4	206	-28	-29	-10	63	-241	110	280	101514	Z
A	23572	-1	3	205	-26	-29	-13	64	-243	110	280	101514	Z
A	23560	0	3	205	-26	-28	-9	64	-243	110	280	101514	Z
A	23416	-1	3	204	-26	-26	-9	64	-243	110	280	101514	Z
A	23488	-2	4	207	-25	-28	-13	63	-242	112	280	101514	Z
A	23568	0	2	206	-28	-28	-10	63	-242	112	280	101514	Z
A	23476	-1	4	205	-28	-26	-10	63	-242	112	280	101514	Z
A	23920	0	3	205	-25	-26	-10	63	-242	112	280	101508	Z
A	23476	0	3	206	-26	-29	-9	63	-242	112	280	101508	Z
A	23388	-1	4	205	-22	-23	-10	63	-242	112	280	101508	Z
A	23580	-1	3	204	-26	-26	-11	62	-242	111	280	101508	Z
A	23592	-1	3	205	-23	-29	-11	62	-242	111	280	101508	Z
A	23572	0	3	206	-25	-27	-12	62	-242	111	280	101508	Z
A	23500	-1	3	204	-27	-33	-11	64	-243	113	280	101508	Z
A	23584	0	3	205	-25	-28	-9	64	-243	113	280	101508	Z
A	23412	-1	2	204	-24	-25	-13	64	-242	112	280	101508	Z
A	23564	0	3	206	-24	-27	-10	64	-242	112	280	101508	Z
A	23476	-1	3	205	-27	-24	-14	64	-242	112	280	101508	Z
A	23572	-1	4	206	-27	-30	-7	62	-242	110	280	101508	Z
A	23480	-1	3	205	-28	-27	-12	62	-242	110	280	101508	Z
A	23552	0	2	205	-27	-28	-10	62	-242	110	280	101508	Z
A	23464	-1	3	206	-26	-27	-12	63	-241	110	280	101508	Z
A	23548	-1	3	206	-27	-31	-8	63	-241	110	280	101508	Z
A	23480	-2	3	205	-25	-30	-12	63	-241	110	280	101508	Z
A	23568	0	3	205	-26	-25	-10	62	-242	111	280	101508	Z
A	23480	-1	4	206	-25	-28	-9	62	-242	111	280	101508	Z
A	23476	-1	3	206	-27	-30	-10	62	-242	111	280	101508	Z
A	23548	0	2	206	-25	-25	-8	63	-241	113	280	101508	Z
A	23392	0	3	206	-26	-28	-12	63	-241	113	280	101508	Z
A	23452	0	3	204	-27	-29	-10	63	-241	113	280	101508	Z
A	23488	-1	3	206	-26	-26	-7	63	-242	112	280	101508	Z
A	23472	-1	3	204	-28	-28	-12	63	-242	112	280	101508	Z
A	23568	-1	2	205	-25	-29	-11	63	-242	112	280	101508	Z
A	23564	-1	2	206	-25	-26	-14	62	-241	109	280	101508	Z
A	23568	-1	3	205	-25	-27	-8	62	-241	109	280	101508	Z
A	23472	-2	2	205	-28	-25	-11	62	-241	109	280	101508	Z
A	23560	-1	4	206	-25	-29	-10	64	-242	113	280	101508	Z
A	23564	-1	3	206	-26	-30	-9	64	-242	113	280	101508	Z
A	23504	-1	3	205	-27	-29	-11	64	-242	113	280	101508	Z
A	23572	-1	2	206	-25	-28	-11	63	-242	111	280	101508	Z
A	23564	0	2	208	-24	-29	-8	63	-242	111	280	101508	Z
A	23404	-1	2	207	-24	-26	-8	63	-241	111	280	101508	Z
A	23476	-1	3	204	-26	-25	-10	63	-241	111	280	101508	Z
A	23544	-2	3	207	-24	-27	-8	63	-241	111	280	101508	Z
A	23460	-1	3	206	-24	-25	-10	63	-242	111	280	101508	Z
A	23556	-1	3	205	-26	-27	-9	63	-242	111	280	101508	Z
A	23476	-1	3	205	-24	-28	-13	63	-242	111	280	101508	Z
A	23568	0	3	205	-25	-30	-7	63	-242	111	280	101508	Z
A	23388	0	2	206	-25	-29	-11	63	-242	111	280	101508	Z
A	23488	-1	3	207	-25	-26	-10	63	-242	111	280	101508	Z
A	23564	-1	3	205	-24	-30	-9	63	-241	113	280	101508	Z
A	23484	-1	3	206	-26	-27	-8	63	-241	113	280	101508	Z
A	23480	0	3	206	-23	-26	-8	63	-241	113	280	101508	Z
A	23380	-1	2	206	-25	-25	-12	63	-242	110	280	101508	Z
A	23568	-1	2	205	-23	-31	-8	63	-242	110	280	101508	Z
A	23480	-1	3	206	-26	-27	-12	63	-242	110	280	101508	Z
A	23568	-1	4	206	-26	-27	-10	63	-241	111	280	101508	Z
A	23952	-1	3	205	-29	-29	-9	63	-241	111	280	101508	Z
A	23480	0	3	205	-26	-27	-11	63	-241	111	280	101508	Z
A	23492	-1	4	204	-23	-26	-8	62	-242	112	280	101508	Z
A	23460	0	3	206	-27	-29	-14	62	-242	112	280	101508	Z
A	23476	-1	3	206	-25	-29	-9	62	-242	112	280	101508	Z
A	23472	-1	3	205	-24	-28	-10	63	-242	110	280	101508	Z
A	23552	0	2	205	-28	-24	-6	63	-242	110	280	101508	Z
A	23424	-1	2	205	-24	-25	-10	62	-242	111	280	101508	Z
A	23568	0	2	207	-23	-28	-8	62	-242	111	280	101508	Z
A	23404	-1	3	207	-26	-30	-10	62	-242	111	280	101508	Z
A	23560	-1	2	206	-23	-25	-13	64	-242	112	280	101508	Z
A	23572	-1	3	208	-25	-27	-6	64	-242	112	280	101508	Z
A	23484	-1	3	205	-24	-28	-13	64	-242	112	280	101508	Z
A	23564	-1	3	206	-23	-30	-11	63	-242	111	280	101508	Z
A	23572	0	2	205	-26	-29	-11	63	-242	111	280	101508	Z
A	23492	-1	3	206	-26	-28	-7	63	-242	111	280	101508	Z
A	23468	-1	3	206	-26	-28	-8	64	-242	111	280	101508	Z
A	23484	0	3	206	-26	-28	-7	64	-242	111	280	101508	Z
A	23392	0	2	205	-26	-29	-12	64	-242	111	280	101508	Z
A	23476	-1	3	205	-24	-25	-12	64	-242	112	280	101508	Z
A	23544	0	3	204	-26	-25	-10	64	-242	112	280	101508	Z
A	23484	0	2	205	-23	-28	-12	64	-242	112	280	101508	Z
A	23476	-1	3	205	-27	-26	-7	63	-241	112	280	101508	Z
A	23480	-1	3	205	-28	-28	-12	63	-241	112	280	101508	Z
A	23564	-2	3	206	-24	-31	-8	63	-241	112	280	101508	Z
A	23476	-1	3	206	-23	-27	-13	64	-242	111	280	101508	Z
A	23548	0	2	204	-24	-28	-11	64	-242	111	280	101508	Z
A	23484	-1	2	207	-28	-27	-11	64	-242	111	280	101508	Z
A	23568	-1	3	206	-26	-27	-8	62	-242	110	280	101508	Z
A	23484	-1	4	207	-25	-27	-12	62	-242	110	280	101508	Z
A	23568	-1	3	206	-20	-28	-11	63	-241	113	280	101508	Z
A	23564	-2	2	205	-24	-27	-7	63	-241	113	280	101508	Z
A	23500	0	2	204	-27	-28	-9	63	-241	113	280	101508	Z
A	23420	-1	2	206	-23	-27	-9	64	-242	111	280	101508	Z
A	23476	-1	3	205	-27	-27	-11	64	-242	111	280	101508	Z
A	23560	0	3	206	-27	-24	-9	64	-242	111	280	101508	Z
A	23372	-2	3	205	-23	-30	-9	62	-240	111	280	101508	Z
A	23464	0	2	206	-27	-29	-10	62	-240	111	280	101508	Z
A	23464	-1	3	206	-27	-25	-8	62	-240	111	280	101508	Z
A	23484	0	2	205	-23	-29	-9	63	-242	111	280	101508	Z
A	23388	0	3	207	-28	-27	-9	63	-242	111	280	101508	Z
A	23380	0	3	207	-26	-26	-10	63	-242	111	280	101508	Z
A	23476	0	2	204	-26	-29	-10	63	-242	111	280	101508	Z
A	23488	0	3	205	-24	-26	-11	63	-242	111	280	101508	Z
A	23492	0	4	205	-25	-26	-5	63	-242	111	280	101508	Z
A	23376	-1	3	207	-25	-28	-13	62	-242	110	280	101508	Z
A	23552	-1	2	205	-25	-28	-12	62	-242	110	280	101508	Z
A	23544	-1	2	206	-26	-24	-12	62	-242	110	280	101508	Z
A	23552	0	3	206	-23	-30	-9	64	-242	111	280	101508	Z
A	23512	-1	3	207	-28	-27	-10	64	-242	111	280	101508	Z
A	23944	-1	4	206	-28	-26	-13	64	-242	111	280	101508	Z
A	23572	-1	2	206	-26	-28	-10	63	-241	111	280	101508	Z
A	23564	-1	2	208	-27	-27	-11	63	-241	111	280	101508	Z
A	23552	0	2	207	-29	-30	-9	63	-241	111	280	101508	Z
A	23404	-1	2	205	-24	-28	-11	63	-242	113	280	101508	Z
A	23584	-1	3	206	-24	-29	-8	63	-242	113	280	101508	Z
A	23476	0	3	204	-24	-25	-11	63	-243	110	280	101508	Z
A	23472	-1	2	206	-25	-28	-10	63	-243	110	280	101508	Z
A	23568	-1	3	205	-25	-28	-8	63	-243	110	280	101508	Z
A	23456	-1	3	205	-24	-24	-10	62	-242	111	280	101508	Z
A	23548	-1	3	206	-27	-27	-9	62	-242	111	280	101508	Z
A	23480	-1	3	205	-26	-27	-15	62	-242	111	280	101508	Z
A	23560	-1	3	206	-29	-28	-9	64	-243	113	280	101508	Z
A	23488	-1	3	206	-26	-28	-11	64	-243	113	280	101508	Z
A	23572	-1	2	205	-25	-28	-10	64	-243	113	280	101508	Z
A	23552	-1	2	205	-26	-25	-10	63	-243	111	280	101508	Z
A	23552	0	2	208	-27	-28	-10	63	-243	111	280	101508	Z
A	23472	0	3	208	-23	-25	-9	63	-243	111	280	101508	Z
A	23396	0	4	204	-27	-30	-11	63	-242	112	280	101508	Z
A	23488	-1	3	206	-24	-27	-10	63	-242	112	280	101508	Z
A	23572	0	2	206	-28	-26	-12	63	-242	112	280	101508	Z
A	23480	0	3	206	-26	-31	-7	64	-243	111	280	101508	Z
A	23384	-1	4	208	-26	-30	-7	64	-243	111	280	101508	Z
A	23476	0	3	205	-24	-26	-9	64	-243	111	280	101508	Z
A	23408	0	3	207	-27	-26	-13	63	-241	110	280	101508	Z
A	23476	-1	3	205	-28	-29	-8	63	-241	110	280	101508	Z
A	23492	-1	2	206	-28	-29	-11	63	-241	110	280	101508	Z
A	23556	-1	3	206	-29	-26	-13	62	-241	113	280	101508	Z
A	23564	-1	3	206	-28	-27	-8	62	-241	113	280	101508	Z
A	23472	0	3	205	-23	-28	-9	64	-241	109	280	101508	Z
A	23384	0	3	206	-22	-29	-8	64	-241	109	280	101508	Z
A	23396	0	3	203	-24	-26	-11	64	-241	109	280	101508	Z
A	23488	0	3	205	-25	-26	-10	63	-241	111	280	101508	Z
A	23456	-1	3	207	-24	-29	-12	63	-241	111	280	101508	Z
A	23564	-1	2	205	-27	-27	-9	63	-241	111	280	101508	Z
A	23480	-1	3	206	-26	-31	-10	64	-242	113	280	101508	Z
A	23560	0	2	204	-26	-30	-11	64	-242	113	280	101508	Z
A	23468	0	3	206	-27	-30	-9	64	-242	113	280	101508	Z
A	23420	-1	2	207	-25	-26	-13	63	-242	110	280	101508	Z
A	23584	-1	3	205	-29	-30	-10	63	-242	110	280	101508	Z
A	23572	-1	3	206	-28	-27	-11	63	-242	110	280	101508	Z
A	23572	-1	3	206	-28	-27	-12	63	-242	112	280	101508	Z
A	23564	-1	2	207	-25	-30	-9	63	-242	112	280	101508	Z
A	23472	0	4	205	-26	-28	-12	63	-242	112	280	101508	Z
A	23496	-1	4	204	-22	-28	-7	63	-242	113	280	101508	Z
A	23480	0	2	205	-27	-29	-12	63	-242	113	280	101508	Z
A	23460	-2	4	206	-23	-25	-12	63	-242	113	280	101508	Z
A	23560	-1	3	205	-22	-29	-14	64	-241	112	280	101508	Z
A	23540	-1	4	205	-22	-27	-9	64	-241	112	280	101508	Z
A	23476	-1	3	205	-23	-25	-10	64	-241	112	280	101508	Z
A	23572	0	2	208	-24	-29	-10	63	-242	112	280	101508	Z
A	23472	-1	3	206	-25	-22	-9	63	-242	112	280	101508	Z
A	23476	0	4	206	-23	-31	-8	63	-242	112	280	101508	Z
A	23404	-1	3	206	-27	-26	-7	63	-244	111	280	101508	Z
A	23476	-1	4	206	-28	-28	-10	63	-244	111	280	101508	Z
A	23564	-1	3	204	-25	-24	-8	63	-242	112	280	101508	Z
A	23484	-1	4	206	-26	-27	-10	63	-242	112	280	101508	Z
A	23568	-1	3	207	-27	-31	-5	63	-242	112	280	101508	Z
A	23476	-1	2	203	-24	-25	-11	64	-242	110	280	101508	Z
A	23548	0	3	207	-26	-28	-8	64	-242	110	280	101508	Z
A	23412	-1	4	204	-27	-25	-11	64	-242	110	280	101508	Z
A	23552	-1	3	206	-25	-28	-12	63	-241	110	280	101508	Z
A	23564	-1	4	206	-24	-25	-8	63	-241	110	280	101508	Z
A	23504	0	3	206	-23	-30	-11	63	-241	110	280	101508	Z
A	23496	-1	4	206	-28	-26	-10	62	-242	112	280	101508	Z
A	23572	0	4	205	-25	-29	-10	62	-242	112	280	101508	Z
A	23496	0	4	205	-26	-30	-8	62	-242	112	280	101508	Z
A	23396	0	2	205	-26	-29	-10	63	-243	110	280	101508	Z
A	23460	-1	4	205	-26	-25	-9	63	-243	110	280	101508	Z
A	23464	-1	3	205	-26	-29	-13	63	-243	110	280	101508	Z
A	23580	-1	3	206	-25	-27	-9	62	-241	110	280	101508	Z
A	23480	0	3	207	-26	-29	-11	62	-241	110	280	101508	Z
A	23472	0	3	206	-26	-26	-8	62	-241	110	280	101508	Z
A	23392	-1	4	205	-28	-24	-12	64	-242	111	280	101508	Z
A	23556	0	4	204	-25	-27	-12	64	-242	111	280	101508	Z
A	23472	-1	4	205	-25	-29	-9	64	-242	111	280	101508	Z
A	23472	0	2	204	-25	-30	-11	63	-242	110	280	101508	Z
A	23464	-1	4	205	-22	-27	-8	63	-242	110	280	101508	Z
A	23476	0	3	206	-25	-26	-12	62	-242	111	280	101508	Z
A	23492	-1	3	206	-27	-23	-9	62	-242	111	280	101508	Z
A	23488	-1	2	207	-24	-27	-15	62	-242	111	280	101508	Z
A	23572	0	3	205	-27	-28	-11	63	-242	111	280	101508	Z
A	23500	0	2	205	-24	-26	-9	63	-242	111	280	101508	Z
A	23396	-1	3	206	-25	-29	-12	63	-242	111	280	101508	Z
A	23552	-1	4	207	-26	-28	-9	62	-242	112	280	101508	Z
A	23484	-1	3	205	-25	-29	-10	62	-242	112	280	101508	Z
A	23560	-1	3	206	-24	-25	-10	62	-242	112	280	101508	Z
A	23552	-1	3	204	-23	-31	-13	62	-242	113	280	101508	Z
A	23564	-1	3	206	-23	-28	-10	62	-242	113	280	101508	Z
A	23560	-1	2	207	-23	-26	-11	62	-242	113	280	101508	Z
A	23552	0	4	205	-25	-28	-9	64	-242	109	280	101508	Z
A	23396	-1	3	206	-24	-26	-7	64	-242	109	280	101508	Z
A	23488	-1	2	205	-29	-29	-11	64	-242	109	280	101508	Z
A	23560	-1	3	206	-24	-28	-12	63	-241	112	280	101508	Z
A	23556	-1	3	207	-25	-28	-12	63	-241	112	280	101508	Z
A	23548	-1	4	205	-26	-27	-11	63	-241	112	280	101508	Z
A	23564	-1	3	206	-24	-26	-11	63	-242	112	280	101508	Z
A	23560	0	2	206	-23	-29	-7	63	-242	112	280	101508	Z
A	23392	-1	3	204	-26	-26	-11	63	-242	112	280	101508	Z
A	23568	-1	3	205	-25	-31	-9	63	-241	110	280	101508	Z
A	23464	0	3	206	-27	-29	-13	63	-241	110	280	101508	Z
A	23852	-1	3	205	-25	-27	-13	63	-242	112	280	101502	Z
A	23572	-1	3	205	-24	-26	-8	63	-242	112	280	101502	Z
A	23472	-2	4	208	-25	-24	-9	63	-242	112	280	101502	Z
A	23480	-1	4	206	-23	-27	-9	63	-241	111	280	101502	Z
A	23488	-1	3	206	-25	-27	-14	63	-241	111	280	101502	Z
A	23568	-1	3	207	-24	-28	-9	63	-241	111	280	101502	Z
A	23488	-1	3	206	-21	-27	-12	64	-241	111	280	101502	Z
A	23564	-1	4	206	-23	-25	-13	64	-241	111	280	101502	Z
A	23580	-1	2	205	-25	-29	-8	64	-241	111	280	101502	Z
A	23472	-1	2	206	-26	-25	-10	63	-242	111	280	101502	Z
A	23576	0	2	204	-27	-26	-8	63	-242	111	280	101502	Z
A	23380	-1	2	205	-23	-25	-12	63	-242	111	280	101502	Z
A	23580	-1	3	206	-26	-28	-8	64	-241	111	280	101502	Z
A	23484	-1	2	206	-23	-30	-12	64	-241	111	280	101502	Z
A	23576	0	2	205	-24	-30	-8	64	-241	111	280	101502	Z
A	23404	0	3	206	-24	-28	-11	62	-242	112	280	101502	Z
A	23476	-1	2	206	-28	-27	-11	62	-242	112	280	101502	Z
A	23580	0	3	204	-22	-27	-9	62	-242	112	280	101502	Z
A	23396	-1	3	206	-24	-22	-11	63	-242	112	280	101502	Z
A	23564	-1	3	206	-27	-29	-7	63	-242	112	280	101502	Z
A	23484	-1	3	204	-27	-29	-10	63	-242	112	280	101502	Z
A	23548	0	3	206	-26	-26	-9	63	-241	110	280	101502	Z
A	23396	-1	3	205	-27	-28	-9	63	-241	110	280	101502	Z
A	23464	0	3	205	-25	-30	-8	63	-241	110	280	101502	Z
A	23384	-1	3	206	-26	-27	-8	64	-241	112	280	101502	Z
A	23472	0	2	206	-26	-29	-11	64	-241	112	280	101502	Z
A	23476	0	2	205	-27	-30	-9	64	-242	110	280	101502	Z
A	23396	0	3	208	-25	-25	-11	64	-242	110	280	101502	Z
A	23508	-1	2	206	-25	-27	-7	64	-242	110	280	101502	Z
A	23500	-1	3	208	-27	-27	-12	62	-241	112	280	101502	Z
A	23580	-1	3	208	-27	-29	-10	62	-241	112	280	101502	Z
A	23576	-1	2	205	-24	-29	-13	62	-241	112	280	101502	Z
A	23588	-1	3	205	-23	-26	-11	63	-243	112	280	101502	Z
A	23572	0	4	204	-28	-26	-11	63	-243	112	280	101502	Z
A	23488	-1	3	206	-25	-25	-11	63	-243	112	280	101502	Z
A	23568	0	2	205	-24	-28	-11	63	-242	110	280	101502	Z
A	23468	0	2	207	-25	-27	-11	63	-242	110	280	101502	Z
A	23484	-1	3	206	-24	-27	-7	63	-242	110	280	101502	Z
A	23472	-1	3	206	-30	-28	-8	63	-242	114	280	101502	Z
A	23472	-1	3	206	-24	-26	-12	63	-242	114	280	101502	Z
A	23564	0	2	205	-25	-27	-9	63	-242	114	280	101502	Z
A	23388	-1	4	204	-28	-27	-7	63	-241	111	280	101502	Z
A	23476	-2	3	209	-26	-30	-13	63	-241	111	280	101502	Z
A	23568	-1	3	207	-28	-28	-11	63	-241	111	280	101502	Z
A	23564	0	2	205	-26	-27	-10	62	-242	111	280	101502	Z
A	23484	-1	3	208	-27	-26	-13	62	-242	111	280	101502	Z
A	23580	0	3	206	-25	-28	-8	62	-242	111	280	101502	Z
A	23384	0	2	207	-23	-31	-12	63	-242	113	280	101502	Z
A	23476	-1	3	205	-25	-25	-10	63	-242	113	280	101502	Z
A	23564	0	3	206	-26	-28	-12	63	-242	111	280	101502	Z
A	23860	-1	3	207	-23	-26	-10	63	-242	111	280	101517	Z
A	23564	-1	3	206	-25	-29	-10	63	-242	111	280	101517	Z
A	23564	-1	3	207	-27	-29	-10	63	-241	111	280	101517	Z
A	23556	0	3	207	-27	-29	-7	63	-241	111	280	101517	Z
A	23408	-2	3	207	-24	-28	-12	63	-241	111	280	101517	Z
A	23564	-1	3	207	-22	-29	-9	64	-243	111	280	101517	Z
A	23476	-1	3	206	-26	-30	-13	64	-243	111	280	101517	Z
A	23568	-1	2	206	-28	-29	-7	64	-243	111	280	101517	Z
A	23476	-1	3	207	-25	-26	-14	62	-242	113	280	101517	Z
A	23572	-1	2	205	-28	-26	-9	62	-242	113	280	101517	Z
A	23488	0	3	205	-25	-27	-7	62	-242	113	280	101517	Z
A	23376	-1	4	206	-24	-28	-10	64	-242	112	280	101517	Z
A	23552	0	3	206	-26	-29	-9	64	-242	112	280	101517	Z
A	23400	-1	3	206	-26	-24	-12	64	-242	112	280	101517	Z
A	23584	-1	2	205	-22	-26	-9	64	-242	110	280	101517	Z
A	23508	-1	3	207	-23	-27	-9	64	-242	110	280	101517	Z
A	23476	-1	3	206	-29	-23	-8	64	-242	110	280	101517	Z
A	23492	-1	3	205	-23	-27	-11	63	-241	110	280	101517	Z
A	23544	0	2	206	-24	-27	-9	63	-241	110	280	101517	Z
A	23388	-1	3	207	-25	-25	-10	63	-241	110	280	101517	Z
A	23564	-1	3	206	-25	-26	-9	64	-242	112	280	101517	Z
A	23468	0	2	207	-24	-25	-8	64	-242	112	280	101517	Z
A	23412	0	2	207	-25	-26	-9	64	-242	112	280	101517	Z
A	23388	-1	3	205	-27	-26	-12	63	-242	110	280	101517	Z
A	23560	0	3	205	-25	-29	-12	63	-242	110	280	101517	Z
A	23472	0	3	205	-27	-27	-8	62	-241	111	280	101517	Z
A	23404	0	3	205	-26	-25	-11	62	-241	111	280	101517	Z
A	23484	-1	3	207	-27	-29	-8	62	-241	111	280	101517	Z
A	23488	0	3	206	-25	-28	-13	65	-242	112	280	101517	Z
A	23468	0	3	206	-26	-28	-7	65	-242	112	280	101517	Z
A	23384	0	3	206	-22	-30	-10	65	-242	112	280	101517	Z
A	23472	-1	3	206	-27	-28	-12	63	-241	111	280	101517	Z
A	23568	-1	4	206	-27	-28	-8	63	-241	111	280	101517	Z
A	23468	-1	4	205	-23	-29	-10	63	-241	111	280	101517	Z
A	23560	0	2	205	-25	-31	-6	62	-242	112	280	101517	Z
A	23392	0	3	205	-24	-26	-11	62	-242	112	280	101517	Z
A	23476	-1	3	206	-26	-23	-9	62	-242	112	280	101517	Z
A	23472	0	3	205	-23	-30	-10	62	-242	109	280	101517	Z
A	23488	-1	3	205	-26	-27	-9	62	-242	109	280	101517	Z
A	23480	-1	3	207	-23	-28	-11	62	-242	109	280	101517	Z
A	23572	-1	3	207	-26	-27	-11	63	-242	111	280	101517	Z
A	23560	-1	3	204	-26	-27	-10	63	-242	111	280	101517	Z
A	23568	-1	4	206	-23	-28	-10	63	-242	111	280	101517	Z
A	23552	-2	3	206	-23	-27	-9	64	-243	112	280	101517	Z
A	23496	-1	3	205	-25	-24	-10	64	-243	112	280	101517	Z
A	23568	-1	3	206	-27	-27	-8	64	-243	112	280	101517	Z
A	23492	-1	3	204	-25	-26	-11	62	-242	111	280	101517	Z
A	23564	-2	4	206	-24	-26	-7	62	-242	111	280	101517	Z
A	23500	-1	4	207	-25	-26	-11	63	-242	113	280	101517	Z
A	23696	-1	3	205	-26	-25	-12	63	-242	113	280	101517	Z
A	23952	0	4	206	-27	-28	-8	63	-242	113	280	101508	Z
A	23400	-1	3	206	-21	-25	-12	64	-243	111	280	101508	Z
A	23564	0	2	206	-27	-31	-8	64	-243	111	280	101508	Z
A	23384	0	3	206	-26	-25	-12	64	-243	111	280	101508	Z
A	23484	-1	3	206	-27	-28	-11	63	-241	111	280	101508	Z
A	23564	-1	2	205	-27	-27	-11	63	-241	111	280	101508	Z
A	23548	-2	3	205	-27	-27	-9	63	-241	111	280	101508	Z
A	23484	-1	2	206	-31	-28	-8	62	-241	112	280	101508	Z
A	23484	-1	3	206	-29	-29	-10	62	-241	112	280	101508	Z
A	23576	0	2	205	-25	-26	-8	62	-241	112	280	101508	Z
A	23408	-1	3	206	-24	-27	-12	63	-242	111	280	101508	Z
A	23564	0	3	206	-24	-25	-8	63	-242	111	280	101508	Z
A	23400	0	3	205	-26	-24	-10	63	-242	111	280	101508	Z
A	23468	0	2	204	-28	-27	-9	63	-241	113	280	101508	Z
A	23392	-1	4	206	-28	-25	-14	63	-241	113	280	101508	Z
A	23548	-1	3	205	-27	-29	-11	63	-241	113	280	101508	Z
A	23560	-1	3	206	-26	-28	-11	63	-243	111	280	101508	Z
A	23560	0	2	204	-26	-26	-9	63	-243	111	280	101508	Z
A	23404	0	2	205	-21	-24	-9	63	-243	111	280	101508	Z
A	23380	0	3	205	-23	-31	-13	63	-241	110	280	101508	Z
A	23484	-1	3	206	-27	-28	-7	63	-241	110	280	101508	Z
A	23468	-1	3	208	-25	-28	-13	63	-241	110	280	101508	Z
A	23564	-1	3	207	-26	-27	-10	64	-242	113	280	101508	Z
A	23564	-1	2	206	-25	-27	-11	64	-242	113	280	101508	Z
A	23556	-1	3	205	-23	-25	-11	65	-243	110	280	101508	Z
A	23564	-1	3	205	-26	-26	-7	65	-243	110	280	101508	Z
A	23492	0	2	205	-27	-31	-9	65	-243	110	280	101508	Z
A	23404	-2	3	205	-25	-28	-7	62	-240	111	280	101508	Z
A	23476	-1	3	206	-24	-27	-12	62	-240	111	280	101508	Z
A	23572	-1	2	205	-25	-26	-11	62	-240	111	280	101508	Z
A	23584	-1	3	205	-26	-26	-6	63	-242	113	280	101508	Z
A	23472	0	3	205	-27	-26	-11	63	-242	113	280	101508	Z
A	23452	0	3	205	-24	-27	-13	63	-242	113	280	101508	Z
A	23468	-1	3	204	-29	-26	-7	63	-243	110	280	101508	Z
A	23480	-1	3	207	-27	-27	-9	63	-243	110	280	101508	Z
A	23480	-1	2	206	-26	-28	-10	63	-243	110	280	101508	Z
A	23560	-1	3	205	-27	-27	-9	64	-241	113	280	101508	Z
A	23488	0	4	205	-23	-29	-14	64	-241	113	280	101508	Z
A	23492	-1	3	205	-24	-30	-6	64	-241	113	280	101508	Z
A	23488	-1	3	206	-26	-28	-12	63	-242	110	280	101508	Z
A	23560	0	4	206	-25	-28	-11	63	-242	110	280	101508	Z
A	23476	-1	2	207	-26	-30	-10	63	-242	110	280	101508	Z
A	23556	-1	3	205	-24	-26	-12	62	-241	111	280	101508	Z
A	23568	-2	3	207	-27	-27	-8	62	-241	111	280	101508	Z
A	23480	-1	4	206	-26	-24	-10	62	-241	111	280	101508	Z
A	23556	-1	3	207	-28	-29	-10	65	-241	113	280	101508	Z
A	23560	-1	3	205	-28	-24	-11	65	-241	113	280	101508	Z
A	23556	0	4	206	-25	-26	-9	63	-241	110	280	101508	Z
A	23396	-1	2	205	-24	-22	-14	63	-241	110	280	101508	Z
A	23564	0	3	204	-27	-26	-10	63	-241	110	280	101508	Z
A	23496	-1	4	207	-28	-27	-11	62	-241	111	280	101508	Z
A	23576	-1	3	205	-26	-27	-12	62	-241	111	280	101508	Z
A	23556	-1	3	204	-27	-29	-8	62	-241	111	280	101508	Z
A	23488	0	3	206	-23	-29	-8	64	-243	111	280	101508	Z
A	23400	0	2	205	-24	-28	-10	64	-243	111	280	101508	Z
A	23484	-1	3	205	-23	-28	-12	64	-243	111	280	101508	Z
A	23548	-1	3	206	-26	-30	-5	62	-241	110	280	101508	Z
A	23476	0	2	205	-25	-28	-10	62	-241	110	280	101508	Z
A	23468	-1	4	208	-26	-27	-4	62	-241	110	280	101508	Z
A	23472	-1	3	204	-24	-30	-10	63	-242	112	280	101508	Z
A	23564	-1	3	206	-26	-23	-9	63	-242	112	280	101508	Z
A	23476	-1	3	207	-26	-26	-9	63	-242	112	280	101508	Z
A	23492	0	2	208	-27	-28	-9	63	-241	111	280	101508	Z
A	23388	-1	3	203	-26	-27	-7	63	-241	111	280	101508	Z
A	23472	-1	3	206	-24	-28	-13	63	-241	111	280	101508	Z
A	23552	0	2	206	-29	-26	-10	63	-242	111	280	101508	Z
A	23468	0	2	206	-22	-28	-12	63	-242	111	280	101508	Z
A	23476	-2	3	206	-25	-30	-10	63	-242	111	280	101508	Z
A	23568	-1	4	206	-26	-28	-12	63	-241	111	280	101508	Z
A	23568	-1	3	206	-25	-25	-9	63	-241	111	280	101508	Z
A	23508	-1	3	206	-26	-24	-10	63	-241	111	280	101508	Z
A	23572	0	4	205	-22	-26	-10	62	-241	110	280	101508	Z
A	23492	-1	2	206	-27	-29	-9	62	-241	110	280	101508	Z
A	23476	-1	3	205	-26	-27	-12	63	-240	112	280	101508	Z
A	23560	0	3	206	-25	-29	-11	63	-240	112	280	101508	Z
A	23480	0	2	206	-26	-27	-12	63	-240	112	280	101508	Z
A	23476	-1	3	205	-25	-28	-8	64	-242	112	280	101508	Z
A	23476	-1	3	205	-25	-28	-11	64	-242	112	280	101508	Z
A	23544	-2	4	206	-24	-27	-10	64	-242	112	280	101508	Z
A	23552	-1	3	207	-25	-27	-11	63	-241	109	280	101508	Z
A	23564	-1	2	206	-28	-28	-12	63	-241	109	280	101508	Z
A	23560	-1	3	208	-26	-27	-7	63	-241	109	280	101508	Z
A	23480	-1	2	205	-26	-26	-8	63	-242	112	280	101508	Z
A	23476	-1	3	206	-26	-27	-9	63	-242	112	280	101508	Z
A	23472	-1	2	205	-24	-27	-12	63	-242	112	280	101508	Z
A	23564	-1	3	205	-25	-26	-8	64	-242	111	280	101508	Z
A	23484	-1	3	204	-26	-26	-11	64	-242	111	280	101508	Z
A	23560	-1	3	205	-25	-25	-10	64	-242	111	280	101508	Z
A	23556	0	2	207	-25	-26	-9	63	-241	111	280	101508	Z
A	23392	0	2	204	-28	-28	-12	63	-241	111	280	101508	Z
A	23480	0	2	206	-25	-24	-9	63	-241	111	280	101508	Z
A	23396	0	3	205	-22	-27	-11	63	-241	112	280	101508	Z
A	23484	-1	2	207	-28	-29	-7	63	-241	112	280	101508	Z
A	23488	-2	3	206	-27	-26	-11	63	-241	112	280	101508	Z
A	23560	-1	3	206	-23	-26	-9	63	-241	111	280	101508	Z
A	23496	0	2	205	-24	-28	-12	63	-241	111	280	101508	Z
A	23476	-1	3	206	-26	-27	-9	63	-242	112	280	101508	Z
A	23468	-1	2	206	-24	-26	-11	63	-242	112	280	101508	Z
A	23552	-1	3	206	-27	-27	-12	63	-242	112	280	101508	Z
A	23564	-1	2	205	-26	-30	-7	64	-243	111	280	101508	Z
A	23472	-1	3	206	-25	-28	-13	64	-243	111	280	101508	Z
A	23916	-1	3	206	-26	-26	-10	64	-243	111	280	101499	Z
A	23568	-1	3	206	-26	-28	-11	63	-241	111	280	101499	Z
A	23576	-1	2	208	-26	-28	-7	63	-241	111	280	101499	Z
A	23496	-1	3	208	-26	-30	-7	63	-241	111	280	101499	Z
A	23488	0	2	206	-25	-28	-9	63	-242	113	280	101499	Z
A	23384	0	3	205	-25	-29	-12	63	-242	113	280	101499	Z
A	23472	-2	3	206	-26	-31	-13	63	-242	113	280	101499	Z
A	23552	-1	3	205	-27	-29	-8	63	-240	111	280	101499	Z
A	23472	-1	3	208	-23	-26	-11	63	-240	111	280	101499	Z
A	23556	-2	3	205	-27	-27	-10	63	-240	111	280	101499	Z
A	23548	-1	2	207	-24	-29	-11	63	-242	111	280	101499	Z
A	23552	-2	3	205	-25	-25	-9	63	-242	111	280	101499	Z
A	23468	0	2	205	-27	-30	-9	63	-242	111	280	101499	Z
A	23404	0	3	207	-28	-26	-12	63	-241	110	280	101499	Z
A	23472	0	2	205	-25	-27	-11	63	-241	110	280	101499	Z
A	23484	-1	2	206	-26	-29	-11	63	-241	110	280	101499	Z
A	23560	0	2	208	-24	-27	-7	62	-243	111	280	101499	Z
A	23380	-1	4	205	-26	-28	-11	62	-243	111	280	101499	Z
A	23564	0	2	206	-24	-31	-9	63	-241	112	280	101499	Z
A	23404	0	2	207	-25	-27	-12	63	-241	112	280	101499	Z
A	23492	-1	3	206	-25	-26	-8	63	-241	112	280	101499	Z
A	23476	-1	2	205	-24	-28	-11	63	-242	110	280	101499	Z
A	23564	-1	3	205	-25	-27	-8	63	-242	110	280	101499	Z
A	23456	-2	3	205	-21	-27	-7	63	-242	110	280	101499	Z
A	23464	-1	3	206	-29	-27	-10	63	-242	113	280	101499	Z
A	23564	-1	2	207	-24	-24	-12	63	-242	113	280	101499	Z
A	23564	-1	3	204	-25	-28	-10	63	-242	113	280	101499	Z
A	23560	-1	2	204	-26	-22	-9	63	-242	113	280	101499	Z
A	23476	0	2	203	-25	-25	-13	63	-242	113	280	101499	Z
A	23476	0	3	205	-26	-27	-9	63	-242	113	280	101499	Z
A	23404	0	2	206	-29	-28	-10	64	-241	108	280	101499	Z
A	23492	-1	2	206	-25	-28	-8	64	-241	108	280	101499	Z
A	23476	-1	2	206	-27	-26	-12	64	-241	108	280	101499	Z
A	23560	-1	3	207	-23	-28	-10	63	-242	112	280	101499	Z
A	23572	-1	2	206	-27	-27	-12	63	-242	112	280	101499	Z
A	23560	-1	2	206	-24	-28	-11	63	-242	112	280	101499	Z
A	23560	0	3	206	-30	-27	-9	63	-243	112	280	101499	Z
A	23392	-1	4	206	-27	-28	-12	63	-243	112	280	101499	Z
A	23568	-1	3	206	-24	-30	-8	63	-243	112	280	101499	Z
A	23484	0	4	207	-23	-29	-10	63	-241	111	280	101499	Z
A	23488	-1	3	206	-25	-30	-9	63	-241	111	280	101499	Z
A	23484	-1	3	206	-24	-27	-10	63	-241	111	280	101499	Z
A	23580	-3	3	208	-26	-27	-12	63	-241	111	280	101499	Z
A	23580	-1	2	206	-27	-27	-10	63	-241	111	280	101499	Z
A	23576	0	3	205	-23	-27	-10	64	-243	111	280	101499	Z
A	23488	0	2	205	-28	-28	-6	64	-243	111	280	101499	Z
A	23396	-1	3	204	-27	-28	-11	64	-243	111	280	101499	Z
A	23560	-1	3	206	-23	-23	-8	63	-241	113	280	101499	Z
A	23464	0	2	205	-29	-28	-10	63	-241	113	280	101499	Z
A	23480	0	3	207	-25	-26	-7	63	-241	113	280	101499	Z
A	23776	-1	3	205	-26	-25	-12	64	-242	111	280	101511	Z
A	23556	0	3	205	-26	-25	-9	64	-242	111	280	101511	Z
A	23372	0	2	206	-26	-28	-10	64	-242	111	280	101511	Z
A	23472	0	2	207	-29	-25	-8	62	-241	109	280	101511	Z
A	23392	-1	3	206	-24	-24	-6	62	-241	109	280	101511	Z
A	23488	-1	3	204	-30	-23	-11	62	-241	109	280	101511	Z
A	23552	0	1	205	-25	-28	-8	63	-241	113	280	101511	Z
A	23400	0	3	206	-23	-30	-12	63	-241	113	280	101511	Z
A	23484	-1	2	204	-26	-29	-9	63	-241	113	280	101511	Z
A	23468	-1	3	207	-26	-27	-12	63	-242	112	280	101511	Z
A	23568	-1	2	206	-24	-30	-10	63	-242	112	280	101511	Z
A	23568	0	3	205	-24	-27	-10	63	-242	112	280	101511	Z
A	23476	-1	2	208	-26	-27	-12	63	-240	111	280	101511	Z
A	23564	-1	2	206	-28	-28	-7	63	-240	111	280	101511	Z
A	23488	-1	3	207	-26	-26	-10	63	-240	111	280	101511	Z
A	23556	-1	2	204	-26	-28	-10	63	-242	111	280	101511	Z
A	23568	0	3	207	-26	-28	-9	63	-242	111	280	101511	Z
A	23412	0	3	206	-26	-27	-8	64	-242	110	280	101511	Z
A	23400	-1	3	205	-26	-26	-11	64	-242	110	280	101511	Z
A	23564	-1	2	203	-25	-25	-12	64	-242	110	280	101511	Z
A	23560	-1	3	205	-28	-27	-8	63	-241	111	280	101511	Z
A	23476	-1	3	204	-26	-26	-12	63	-241	111	280	101511	Z
A	23556	-1	2	205	-24	-26	-10	63	-241	111	280	101511	Z
A	23540	0	3	205	-28	-28	-9	63	-242	111	280	101511	Z
A	23392	0	2	206	-25	-23	-7	63	-242	111	280	101511	Z
A	23404	0	3	205	-26	-29	-10	63	-242	111	280	101511	Z
A	23484	-1	3	205	-23	-28	-8	63	-241	112	280	101511	Z
A	23472	-1	4	206	-24	-25	-12	63	-241	112	280	101511	Z
A	23556	-1	3	206	-26	-28	-12	63	-241	112	280	101511	Z
A	23580	0	3	206	-26	-25	-12	64	-242	113	280	101511	Z
A	23476	0	4	205	-21	-25	-8	64	-242	113	280	101511	Z
A	23400	-1	3	206	-26	-24	-9	64	-242	113	280	101511	Z
A	23504	-1	3	204	-25	-25	-11	63	-242	110	280	101511	Z
A	23568	-1	3	207	-25	-30	-9	63	-242	110	280	101511	Z
A	23480	-1	2	206	-23	-30	-11	63	-242	110	280	101511	Z
A	23568	-1	4	207	-24	-27	-10	63	-241	111	280	101511	Z
A	23584	-2	3	205	-24	-27	-12	63	-241	111	280	101511	Z
A	23584	-1	2	206	-23	-28	-9	63	-241	111	280	101511	Z
A	23484	-1	4	206	-25	-28	-9	63	-243	112	280	101511	Z
A	23476	0	4	205	-25	-27	-10	63	-243	112	280	101511	Z
A	23476	-1	4	206	-22	-28	-5	63	-243	112	280	101511	Z
A	23464	-1	3	205	-24	-29	-11	62	-242	112	280	101511	Z
A	23552	-1	3	205	-27	-26	-6	62	-242	112	280	101511	Z
A	23472	-1	3	207	-26	-26	-11	62	-241	112	280	101511	Z
A	23560	-1	3	207	-28	-27	-8	62	-241	112	280	101511	Z
A	23472	-1	3	206	-26	-28	-11	62	-241	112	280	101511	Z
A	23568	0	3	204	-25	-28	-10	64	-242	111	280	101511	Z
A	23480	-1	3	205	-24	-27	-10	64	-242	111	280	101511	Z
A	23560	-1	3	205	-24	-31	-6	64	-242	111	280	101511	Z
A	23600	-1	3	205	-27	-28	-12	64	-242	111	280	101511	Z
A	23940	-1	3	204	-28	-28	-14	64	-242	111	280	101508	Z
A	23568	-1	3	205	-27	-27	-13	64	-242	111	280	101508	Z
A	23576	-1	3	206	-26	-28	-6	62	-242	112	280	101508	Z
A	23492	0	3	206	-27	-29	-13	62	-242	112	280	101508	Z
A	23488	-1	3	206	-24	-26	-12	62	-242	112	280	101508	Z
A	23560	-1	3	205	-24	-27	-15	62	-242	111	280	101508	Z
A	23576	-1	3	206	-26	-27	-7	62	-242	111	280	101508	Z
A	23484	-1	4	206	-27	-27	-9	62	-242	111	280	101508	Z
A	23480	0	3	206	-25	-26	-7	62	-241	111	280	101508	Z
A	23384	0	2	205	-25	-26	-11	62	-241	111	280	101508	Z
A	23476	-1	2	207	-26	-28	-9	62	-241	111	280	101508	Z
A	23488	-1	4	205	-25	-29	-12	64	-242	112	280	101508	Z
A	23560	-1	2	206	-25	-27	-8	64	-242	112	280	101508	Z
A	23484	0	3	206	-27	-26	-10	64	-242	112	280	101508	Z
A	23488	0	3	206	-24	-28	-10	63	-243	111	280	101508	Z
A	23468	-1	4	205	-24	-27	-6	63	-243	111	280	101508	Z
A	23480	-2	3	206	-26	-28	-12	63	-242	113	280	101508	Z
A	23556	-1	2	205	-24	-27	-8	63	-242	113	280	101508	Z
A	23488	-1	4	206	-25	-27	-11	63	-242	113	280	101508	Z
A	23576	-1	4	205	-26	-26	-9	63	-243	111	280	101508	Z
A	23468	-1	3	206	-28	-26	-13	63	-243	111	280	101508	Z
A	23560	0	3	205	-26	-28	-8	63	-243	111	280	101508	Z
A	23408	-1	3	206	-25	-28	-7	63	-242	112	280	101508	Z
A	23496	-1	3	206	-26	-31	-9	63	-242	112	280	101508	Z
A	23488	-1	3	205	-25	-27	-8	63	-242	112	280	101508	Z
A	23476	-1	3	203	-24	-26	-9	64	-242	111	280	101508	Z
A	23484	-1	3	206	-22	-27	-7	64	-242	111	280	101508	Z
A	23472	-1	3	206	-28	-28	-13	64	-242	111	280	101508	Z
A	23556	0	2	207	-25	-31	-10	63	-241	111	280	101508	Z
A	23480	-1	2	205	-25	-28	-10	63	-241	111	280	101508	Z
A	23572	0	2	206	-24	-30	-6	63	-241	111	280	101508	Z
A	23388	0	3	205	-27	-29	-10	63	-242	112	280	101508	Z
A	23492	-1	3	205	-25	-26	-8	63	-242	112	280	101508	Z
A	23472	-2	3	206	-25	-30	-8	63	-242	112	280	101508	Z
A	23472	-1	3	205	-25	-27	-9	62	-242	111	280	101508	Z
A	23480	0	2	207	-27	-29	-11	62	-242	111	280	101508	Z
A	23480	0	2	207	-25	-24	-10	62	-242	111	280	101508	Z
A	23500	-1	4	206	-26	-31	-9	62	-240	110	280	101508	Z
A	23496	-1	3	206	-24	-28	-12	62	-240	110	280	101508	Z
A	23568	0	2	207	-27	-31	-10	63	-242	113	280	101508	Z
A	23484	-1	4	206	-27	-27	-10	63	-242	113	280	101508	Z
A	23560	-2	3	205	-24	-28	-8	63	-242	113	280	101508	Z
A	23484	-1	3	205	-26	-25	-12	64	-243	111	280	101508	Z
A	23556	-1	3	207	-25	-28	-13	64	-243	111	280	101508	Z
A	23556	-1	3	204	-24	-24	-11	64	-243	111	280	101508	Z
A	23572	0	3	206	-24	-29	-14	62	-241	111	280	101508	Z
A	23476	-1	2	207	-24	-28	-5	62	-241	111	280	101508	Z
A	23480	-1	3	206	-27	-29	-12	62	-241	111	280	101508	Z
A	23540	-2	3	207	-26	-27	-6	63	-242	111	280	101508	Z
A	23476	-1	3	206	-24	-24	-11	63	-242	111	280	101508	Z
A	23560	-1	3	205	-24	-25	-10	63	-242	111	280	101502	Z
A	23568	-1	3	206	-26	-28	-10	64	-242	111	280	101502	Z
A	23564	-1	3	204	-28	-29	-11	64	-242	111	280	101502	Z
A	23548	-2	4	205	-25	-25	-9	64	-242	111	280	101502	Z
A	23484	-1	3	204	-26	-24	-13	63	-242	113	280	101502	Z
A	23560	-1	3	205	-26	-28	-9	63	-242	113	280	101502	Z
A	23476	-2	3	207	-23	-27	-12	63	-242	113	280	101502	Z
A	23552	0	2	205	-26	-27	-9	63	-242	110	280	101502	Z
A	23400	-1	3	204	-25	-26	-10	63	-242	110	280	101502	Z
A	23580	-1	2	205	-24	-24	-10	63	-242	110	280	101502	Z
A	23584	-1	3	206	-27	-26	-8	64	-241	110	280	101502	Z
A	23488	-1	3	205	-25	-32	-12	64	-241	110	280	101502	Z
A	23580	-1	3	206	-26	-28	-9	64	-241	110	280	101502	Z
A	23488	0	2	206	-23	-30	-13	64	-241	113	280	101502	Z
A	23480	0	2	204	-26	-29	-11	64	-241	113	280	101502	Z
A	23456	-1	3	206	-27	-30	-13	62	-241	110	280	101502	Z
A	23564	-1	3	205	-27	-27	-9	62	-241	110	280	101502	Z
A	23472	-1	3	206	-29	-31	-10	62	-241	110	280	101502	Z
A	23556	-1	3	206	-25	-27	-9	62	-242	111	280	101502	Z
A	23476	-2	4	206	-26	-26	-9	62	-242	111	280	101502	Z
A	23496	-1	2	206	-27	-30	-14	62	-242	111	280	101502	Z
A	23576	-1	3	207	-24	-25	-9	63	-242	112	280	101502	Z
A	23484	-1	3	208	-26	-29	-10	63	-242	112	280	101502	Z
A	23580	0	2	206	-25	-29	-6	63	-242	112	280	101502	Z
A	23404	-1	3	205	-26	-24	-9	62	-242	111	280	101502	Z
A	23488	-1	3	206	-25	-31	-9	62	-242	111	280	101502	Z
A	23464	0	2	207	-24	-29	-14	62	-242	111	280	101502	Z
A	23468	0	3	207	-27	-25	-10	63	-241	112	280	101502	Z
A	23472	0	2	205	-25	-30	-11	63	-241	112	280	101502	Z
A	23468	0	2	205	-25	-29	-11	63	-241	112	280	101502	Z
A	23492	-1	3	206	-24	-27	-7	63	-243	110	280	101502	Z
A	23468	-1	3	206	-25	-26	-10	63	-243	110	280	101502	Z
A	23568	-1	3	206	-25	-28	-8	63	-243	110	280	101502	Z
A	23460	-1	3	205	-27	-29	-9	63	-241	112	280	101502	Z
A	23480	0	2	207	-27	-29	-8	63	-241	112	280	101502	Z
A	23420	-1	2	208	-25	-28	-13	63	-241	112	280	101502	Z
A	23560	-2	3	207	-26	-28	-11	64	-242	113	280	101502	Z
A	23560	0	3	205	-27	-27	-9	64	-242	113	280	101502	Z
A	23412	-1	3	205	-29	-27	-13	63	-243	111	280	101502	Z
A	23588	-1	2	206	-26	-27	-10	63	-243	111	280	101502	Z
A	23580	-1	3	205	-25	-29	-13	63	-243	111	280	101502	Z
A	23576	0	3	205	-26	-26	-6	63	-242	112	280	101502	Z
A	23392	0	3	206	-26	-27	-10	63	-242	112	280	101502	Z
A	23480	-1	3	206	-27	-25	-8	63	-242	112	280	101502	Z
A	23468	-2	4	205	-26	-30	-8	64	-243	113	280	101502	Z
A	23468	-1	4	206	-24	-29	-10	64	-243	113	280	101502	Z
A	23552	-2	4	205	-25	-27	-15	64	-243	113	280	101502	Z
A	23552	-1	3	205	-24	-26	-12	63	-241	110	280	101502	Z
A	23556	-1	3	206	-24	-27	-8	63	-241	110	280	101502	Z
A	23488	-1	2	206	-26	-27	-9	63	-241	110	280	101502	Z
A	23488	-1	3	205	-23	-26	-8	63	-241	113	280	101502	Z
A	23828	0	2	205	-27	-28	-10	63	-241	113	280	101517	Z
A	23472	-1	3	205	-24	-24	-10	63	-241	113	280	101517	Z
A	23560	-1	2	204	-27	-26	-10	62	-243	111	280	101517	Z
A	23548	0	3	205	-24	-29	-11	62	-243	111	280	101517	Z
A	23488	0	3	206	-26	-30	-9	62	-243	111	280	101517	Z
A	23396	-1	3	205	-25	-27	-10	62	-242	112	280	101517	Z
A	23572	-1	3	206	-25	-29	-10	62	-242	112	280	101517	Z
A	23556	0	2	206	-24	-31	-12	62	-242	112	280	101517	Z
A	23476	0	3	207	-27	-25	-7	64	-242	112	280	101517	Z
A	23380	-1	3	206	-25	-29	-12	64	-242	112	280	101517	Z
A	23568	0	3	206	-24	-28	-12	63	-242	110	280	101517	Z
A	23476	-1	3	205	-26	-30	-11	63	-242	110	280	101517	Z
A	23568	-1	3	206	-23	-24	-12	63	-242	110	280	101517	Z
A	23556	-2	2	206	-25	-24	-9	62	-242	114	280	101517	Z
A	23480	-1	4	208	-28	-29	-12	62	-242	114	280	101517	Z
A	23572	-1	4	206	-26	-27	-9	62	-242	114	280	101517	Z
A	23476	-1	3	205	-26	-26	-12	63	-241	112	280	101517	Z
A	23560	-1	3	206	-24	-28	-11	63	-241	112	280	101517	Z
A	23556	-1	3	205	-24	-27	-11	63	-241	112	280	101517	Z
A	23564	-1	3	206	-25	-29	-9	62	-241	112	280	101517	Z
A	23476	0	2	204	-24	-30	-11	62	-241	112	280	101517	Z
A	23500	-1	4	206	-24	-28	-9	62	-241	112	280	101517	Z
A	23480	0	3	206	-24	-30	-9	65	-241	113	280	101517	Z
A	23392	0	3	204	-26	-28	-10	65	-241	113	280	101517	Z
A	23464	-1	4	206	-26	-26	-10	65	-241	113	280	101517	Z
A	23560	-1	3	206	-24	-26	-12	63	-242	111	280	101517	Z
A	23560	-1	3	206	-27	-27	-8	63	-242	111	280	101517	Z
A	23472	-1	3	206	-26	-28	-12	63	-242	111	280	101517	Z
A	23568	-1	3	205	-26	-28	-8	62	-242	111	280	101517	Z
A	23488	-1	3	205	-23	-25	-10	62	-242	111	280	101517	Z
A	23560	-1	4	205	-27	-30	-10	62	-242	111	280	101517	Z
A	23556	-1	3	205	-21	-26	-9	63	-242	110	280	101517	Z
A	23472	-1	3	204	-27	-26	-9	63	-242	110	280	101517	Z
A	23476	-1	3	206	-24	-28	-11	63	-242	110	280	101517	Z
A	23568	-1	3	206	-25	-27	-11	63	-242	112	280	101517	Z
A	23564	-1	3	205	-24	-27	-10	63	-242	112	280	101517	Z
A	23552	-1	2	207	-26	-22	-11	64	-241	112	280	101517	Z
A	23560	-2	3	206	-27	-22	-10	64	-241	112	280	101517	Z
A	23560	-1	3	205	-24	-26	-8	64	-241	112	280	101517	Z
A	23500	-1	3	205	-26	-28	-8	63	-242	111	280	101517	Z
A	23480	-1	4	205	-25	-26	-9	63	-242	111	280	101517	Z
A	23480	0	3	204	-26	-27	-12	63	-242	111	280	101517	Z
A	23492	-1	3	206	-26	-26	-9	62	-241	111	280	101517	Z
A	23488	-2	3	206	-23	-26	-14	62	-241	111	280	101517	Z
A	23568	-1	2	207	-27	-29	-7	62	-241	111	280	101517	Z
A	23456	0	3	204	-26	-29	-13	64	-242	112	280	101517	Z
A	23488	-1	3	206	-24	-25	-8	64	-242	112	280	101517	Z
A	23492	0	3	204	-26	-28	-8	64	-242	112	280	101517	Z
A	23396	-1	4	205	-28	-27	-9	63	-242	109	280	101517	Z
A	23464	-1	3	206	-27	-26	-9	63	-242	109	280	101517	Z
A	23864	-1	2	205	-27	-28	-9	63	-242	109	280	101508	Z
A	23480	-2	4	206	-24	-29	-12	63	-241	110	280	101508	Z
A	23588	-1	4	205	-24	-27	-13	63	-241	110	280	101508	Z
A	23580	-1	3	206	-24	-26	-11	63	-241	110	280	101508	Z
A	23572	0	2	205	-25	-29	-9	64	-243	113	280	101508	Z
A	23404	-2	3	206	-25	-25	-7	64	-243	113	280	101508	Z
A	23476	-1	3	206	-26	-25	-12	64	-243	113	280	101508	Z
A	23564	-1	3	205	-24	-26	-9	63	-241	111	280	101508	Z
A	23476	-1	4	206	-26	-27	-10	63	-241	111	280	101508	Z
A	23572	-1	2	208	-27	-27	-13	63	-241	112	280	101508	Z
A	23556	0	2	205	-26	-26	-9	63	-241	112	280	101508	Z
A	23384	0	3	206	-24	-29	-10	63	-241	112	280	101508	Z
A	23468	-1	3	206	-26	-26	-9	63	-242	110	280	101508	Z
A	23472	-1	3	206	-28	-28	-12	63	-242	110	280	101508	Z
A	23560	-2	3	205	-25	-24	-9	63	-242	110	280	101508	Z
A	23500	-1	3	205	-23	-29	-9	61	-241	112	280	101508	Z
A	23480	-1	2	207	-25	-27	-9	61	-241	112	280	101508	Z
A	23468	-1	3	207	-23	-26	-9	61	-241	112	280	101508	Z
A	23472	0	3	206	-28	-29	-9	63	-243	112	280	101508	Z
A	23396	-1	4	206	-23	-28	-13	63	-243	112	280	101508	Z
A	23560	-1	3	205	-26	-28	-14	63	-243	112	280	101508	Z
A	23556	-1	2	204	-27	-28	-9	63	-242	109	280	101508	Z
A	23488	-1	3	205	-29	-26	-10	63	-242	109	280	101508	Z
A	23580	-1	2	204	-24	-26	-7	63	-242	109	280	101508	Z
A	23484	-1	3	206	-25	-28	-9	62	-241	112	280	101508	Z
A	23500	-1	2	203	-25	-24	-9	62	-241	112	280	101508	Z
A	23468	-1	3	206	-25	-29	-10	62	-241	112	280	101508	Z
A	23552	-1	3	207	-25	-26	-10	64	-242	111	280	101508	Z
A	23564	0	3	204	-28	-26	-9	64	-242	111	280	101508	Z
A	23392	-1	2	205	-24	-27	-12	64	-242	111	280	101508	Z
A	23560	0	2	207	-26	-28	-11	62	-241	110	280	101508	Z
A	23464	-2	3	205	-24	-28	-9	62	-241	110	280	101508	Z
A	23492	-1	3	205	-25	-24	-7	62	-241	110	280	101508	Z
A	23480	-1	3	204	-25	-29	-11	63	-242	112	280	101508	Z
A	23568	-1	4	205	-25	-28	-10	63	-242	112	280	101508	Z
A	23560	-1	3	206	-25	-26	-9	62	-242	110	280	101508	Z
A	23488	-1	2	205	-25	-27	-9	62	-242	110	280	101508	Z
A	23484	0	2	207	-25	-27	-9	62	-242	110	280	101508	Z
A	23384	-2	4	206	-24	-30	-14	63	-242	113	280	101508	Z
A	23576	-1	3	205	-23	-24	-11	63	-242	113	280	101508	Z
A	23560	-1	2	206	-26	-24	-12	63	-242	113	280	101508	Z
A	23544	0	2	205	-20	-26	-9	63	-242	111	280	101508	Z
A	23380	-1	3	208	-24	-29	-13	63	-242	111	280	101508	Z
A	23564	0	4	206	-27	-29	-12	63	-242	111	280	101508	Z
A	23504	-1	2	205	-25	-25	-10	62	-242	110	280	101508	Z
A	23576	0	3	206	-26	-27	-8	62	-242	110	280	101508	Z
A	23420	-1	3	206	-22	-26	-9	62	-242	110	280	101508	Z
A	23464	0	2	206	-23	-29	-12	64	-242	113	280	101508	Z
A	23460	-2	3	206	-21	-29	-7	64	-242	113	280	101508	Z
A	23580	-2	2	205	-24	-29	-11	64	-242	113	280	101508	Z
A	23928	-1	4	205	-21	-27	-9	64	-243	110	280	101514	Z
A	23472	-1	2	206	-28	-28	-12	64	-243	110	280	101514	Z
A	23564	-2	3	206	-25	-29	-14	64	-243	110	280	101514	Z
A	23572	-1	2	207	-24	-28	-9	63	-241	111	280	101514	Z
A	23492	-1	3	205	-26	-27	-12	63	-241	111	280	101514	Z
A	23576	-1	3	206	-29	-26	-8	63	-241	111	280	101514	Z
A	23492	0	2	206	-26	-27	-8	63	-241	110	280	101514	Z
A	23400	-1	3	207	-24	-27	-11	63	-241	110	280	101514	Z
A	23552	0	3	206	-24	-27	-12	63	-241	110	280	101514	Z
A	23472	-1	2	203	-28	-28	-9	63	-241	110	280	101514	Z
A	23464	0	3	205	-25	-28	-12	63	-241	110	280	101514	Z
A	23472	0	3	207	-26	-29	-10	63	-241	112	280	101514	Z
A	23476	-1	3	206	-27	-26	-8	63	-241	112	280	101514	Z
A	23468	-1	3	207	-23	-29	-10	63	-241	112	280	101514	Z
A	23560	-1	3	205	-24	-27	-9	63	-243	111	280	101514	Z
A	23488	-1	3	205	-29	-29	-13	63	-243	111	280	101514	Z
A	23584	-1	3	207	-25	-25	-7	63	-243	111	280	101514	Z
A	23476	0	3	205	-23	-26	-12	63	-242	111	280	101514	Z
A	23468	0	3	205	-26	-30	-6	63	-242	111	280	101514	Z
A	23392	0	3	206	-27	-28	-10	63	-242	111	280	101514	Z
A	23492	-1	2	207	-29	-27	-10	63	-243	113	280	101514	Z
A	23556	-1	3	205	-25	-29	-13	63	-243	113	280	101514	Z
A	23568	-1	2	205	-24	-28	-12	63	-243	113	280	101514	Z
A	23568	-1	2	205	-30	-27	-8	63	-241	112	280	101514	Z
A	23488	0	4	207	-27	-27	-9	63	-241	112	280	101514	Z
A	23416	-1	2	206	-26	-29	-5	63	-241	112	280	101514	Z
A	23480	0	2	206	-25	-28	-9	62	-241	111	280	101514	Z
A	23384	-1	4	207	-25	-27	-10	62	-241	111	280	101514	Z
A	23564	-1	3	204	-28	-27	-11	62	-241	111	280	101514	Z
A	23560	0	3	206	-25	-25	-9	63	-242	113	280	101514	Z
A	23404	-1	4	207	-23	-28	-7	63	-242	113	280	101514	Z
A	23468	-1	3	206	-24	-26	-11	63	-242	111	280	101514	Z
A	23572	-1	3	206	-25	-23	-8	63	-242	111	280	101514	Z
A	23484	-1	3	205	-27	-27	-11	63	-242	111	280	101514	Z
A	23584	-1	4	205	-23	-28	-10	63	-241	111	280	101514	Z
A	23560	-1	3	205	-25	-25	-13	63	-241	111	280	101514	Z
A	23560	0	3	204	-24	-26	-10	63	-241	111	280	101514	Z
A	23468	-1	3	207	-26	-27	-11	63	-242	112	280	101514	Z
A	23568	-1	3	205	-25	-28	-8	63	-242	112	280	101514	Z
A	23476	-2	2	206	-22	-26	-10	63	-242	112	280	101514	Z
A	23552	-2	4	205	-24	-28	-12	62	-241	111	280	101514	Z
A	23572	0	3	205	-23	-25	-8	62	-241	111	280	101514	Z
A	23380	0	1	206	-23	-28	-11	62	-241	111	280	101514	Z
A	23480	0	3	207	-27	-25	-9	63	-243	111	280	101514	Z
A	23412	0	3	207	-26	-28	-13	63	-243	111	280	101514	Z
A	23500	-1	4	205	-26	-26	-8	63	-243	111	280	101514	Z
A	23480	-1	3	205	-24	-25	-13	63	-241	110	280	101514	Z
A	23560	-1	2	206	-28	-30	-6	63	-241	110	280	101514	Z
A	23468	0	2	207	-25	-27	-11	63	-241	110	280	101514	Z
A	23468	-1	3	205	-27	-24	-10	63	-242	111	280	101514	Z
A	23572	-1	3	206	-26	-28	-10	63	-242	111	280	101508	Z
A	23568	-1	2	205	-23	-27	-9	63	-242	111	280	101508	Z
A	23472	-2	3	205	-26	-28	-9	63	-243	112	280	101508	Z
A	23468	-1	2	205	-23	-28	-9	63	-243	112	280	101508	Z
A	23476	-1	3	207	-27	-28	-11	63	-243	112	280	101508	Z
A	23568	-2	2	205	-26	-26	-11	62	-241	109	280	101508	Z
A	23564	-2	2	209	-27	-28	-11	62	-241	109	280	101508	Z
A	23560	-1	4	205	-27	-28	-9	64	-242	112	280	101508	Z
A	23488	-1	3	203	-26	-27	-12	64	-242	112	280	101508	Z
A	23556	-1	2	205	-23	-27	-11	64	-242	112	280	101508	Z
A	23556	0	3	205	-27	-26	-12	63	-243	113	280	101508	Z
A	23488	-1	3	207	-22	-25	-6	63	-243	113	280	101508	Z
A	23480	0	2	205	-27	-26	-14	63	-243	113	280	101508	Z
A	23492	0	3	204	-25	-27	-9	63	-242	111	280	101508	Z
A	23384	-1	3	204	-24	-27	-10	63	-242	111	280	101508	Z
A	23568	-1	2	205	-25	-28	-10	63	-242	111	280	101508	Z
A	23564	-1	3	205	-27	-25	-4	64	-242	111	280	101508	Z
A	23488	0	3	205	-26	-26	-10	64	-242	111	280	101508	Z
A	23496	0	3	206	-25	-28	-10	64	-242	111	280	101508	Z
A	23492	0	3	207	-23	-27	-14	63	-242	111	280	101508	Z
A	23484	0	3	204	-27	-30	-8	63	-242	111	280	101508	Z
A	23372	0	3	206	-26	-26	-10	63	-242	111	280	101508	Z
A	23468	0	2	204	-24	-28	-9	63	-241	112	280	101508	Z
A	23388	-1	2	205	-24	-25	-11	63	-241	112	280	101508	Z
A	23584	-1	3	206	-25	-24	-7	63	-241	112	280	101508	Z
A	23492	-1	3	205	-25	-27	-13	63	-242	111	280	101508	Z
A	23556	0	2	204	-28	-25	-11	63	-242	111	280	101508	Z
A	23492	-1	3	208	-24	-25	-8	63	-242	111	280	101508	Z
A	23476	-1	2	205	-26	-31	-10	63	-242	109	280	101508	Z
A	23564	-1	3	206	-22	-25	-9	63	-242	109	280	101508	Z
A	23484	-1	2	205	-22	-25	-14	63	-242	112	280	101508	Z
A	23568	-1	3	207	-27	-27	-8	63	-242	112	280	101508	Z
A	23492	-1	3	206	-26	-24	-8	63	-242	112	280	101508	Z
A	23472	-1	2	207	-23	-26	-11	64	-243	112	280	101508	Z
A	23568	1	3	207	-27	-25	-10	64	-243	112	280	101508	Z
A	23480	-1	3	205	-25	-25	-10	64	-243	112	280	101508	Z
A	23576	-1	3	207	-22	-30	-9	63	-242	111	280	101508	Z
A	23484	-2	2	207	-25	-27	-13	63	-242	111	280	101508	Z
A	23556	0	3	207	-25	-26	-9	63	-242	111	280	101508	Z
A	23412	-1	2	205	-25	-26	-14	62	-241	111	280	101508	Z
A	23568	-1	3	207	-24	-25	-9	62	-241	111	280	101508	Z
A	23488	-1	3	207	-25	-24	-10	62	-241	111	280	101508	Z
A	23564	0	3	207	-25	-25	-12	63	-243	110	280	101508	Z
A	23472	-1	2	205	-25	-28	-12	63	-243	110	280	101508	Z
A	23564	0	3	206	-25	-24	-9	63	-243	110	280	101508	Z
A	23396	0	3	208	-24	-27	-10	62	-242	112	280	101508	Z
A	23464	0	2	205	-28	-26	-13	62	-242	112	280	101508	Z
A	23484	0	2	205	-26	-28	-11	62	-242	112	280	101508	Z
A	23480	-1	3	207	-27	-30	-10	64	-241	112	280	101508	Z
A	23580	-1	4	206	-28	-27	-7	64	-241	112	280	101508	Z
A	23496	-1	3	206	-28	-27	-10	64	-241	112	280	101508	Z
A	23916	-1	3	206	-29	-25	-11	63	-241	111	280	101508	Z
A	23544	-1	3	206	-26	-27	-8	63	-241	111	280	101508	Z
A	23480	-1	2	207	-23	-27	-9	63	-241	111	280	101508	Z
A	23484	-1	3	206	-28	-24	-7	63	-242	113	280	101508	Z
A	23484	-1	2	205	-25	-29	-11	63	-242	113	280	101508	Z
A	23556	-1	3	208	-22	-27	-9	63	-243	111	280	101508	Z
A	23476	-1	3	207	-25	-30	-10	63	-243	111	280	101508	Z
A	23572	-1	4	206	-23	-28	-9	63	-243	111	280	101508	Z
A	23476	0	3	207	-26	-27	-12	63	-241	110	280	101508	Z
A	23484	-1	2	205	-25	-28	-12	63	-241	110	280	101508	Z
A	23568	-2	3	206	-25	-27	-12	63	-241	110	280	101508	Z
A	23564	0	2	206	-25	-28	-9	64	-241	112	280	101508	Z
A	23372	-2	2	205	-28	-25	-12	64	-241	112	280	101508	Z
A	23556	-1	2	206	-25	-26	-9	64	-241	112	280	101508	Z
A	23480	0	4	205	-27	-25	-9	63	-243	111	280	101508	Z
A	23392	-1	2	206	-23	-30	-13	63	-243	111	280	101508	Z
A	23596	-1	3	205	-25	-28	-8	63	-243	111	280	101508	Z
A	23476	-2	2	205	-26	-25	-10	64	-241	111	280	101508	Z
A	23572	-3	3	207	-26	-26	-9	64	-241	111	280	101508	Z
A	23496	-1	3	206	-26	-27	-8	64	-241	111	280	101508	Z
A	23488	0	3	206	-25	-26	-13	63	-242	111	280	101508	Z
A	23472	-1	3	206	-27	-24	-10	63	-242	111	280	101508	Z
A	23568	-1	2	205	-24	-29	-7	63	-242	111	280	101508	Z
A	23468	-1	3	204	-24	-29	-9	63	-242	111	280	101508	Z
A	23468	0	3	205	-24	-25	-12	63	-242	111	280	101508	Z
A	23476	-1	2	207	-22	-28	-9	63	-242	111	280	101508	Z
A	23480	0	3	205	-25	-28	-9	63	-241	112	280	101508	Z
A	23392	0	2	205	-30	-26	-9	63	-241	112	280	101508	Z
A	23400	-1	4	205	-27	-28	-12	63	-242	110	280	101508	Z
A	23552	0	4	206	-24	-26	-9	63	-242	110	280	101508	Z
A	23416	-1	3	206	-27	-27	-11	63	-242	110	280	101508	Z
A	23568	0	3	205	-25	-28	-11	64	-242	112	280	101508	Z
A	23492	0	3	206	-25	-27	-8	64	-242	112	280	101508	Z
A	23404	-1	2	205	-25	-25	-11	64	-242	112	280	101508	Z
A	23556	0	2	207	-28	-26	-12	65	-242	112	280	101508	Z
A	23480	-1	3	205	-27	-28	-13	65	-242	112	280	101508	Z
A	23564	-1	3	205	-26	-27	-10	65	-242	112	280	101508	Z
A	23568	-1	4	207	-28	-29	-12	62	-241	110	280	101508	Z
A	23564	-1	3	207	-28	-30	-9	62	-241	110	280	101508	Z
A	23468	0	3	206	-25	-26	-10	62	-241	110	280	101508	Z
A	23480	-1	3	206	-26	-27	-10	62	-241	112	280	101508	Z
A	23552	-2	4	208	-25	-29	-11	62	-241	112	280	101508	Z
A	23576	-1	3	207	-23	-29	-15	62	-241	112	280	101508	Z
A	23548	-1	3	206	-26	-26	-9	64	-241	112	280	101508	Z
A	23464	-1	3	206	-26	-25	-11	64	-241	112	280	101508	Z
A	23560	0	3	205	-24	-22	-14	64	-241	112	280	101508	Z
A	23468	0	3	207	-27	-26	-9	62	-241	111	280	101508	Z
A	23408	-1	3	206	-27	-24	-11	62	-241	111	280	101508	Z
A	23576	0	4	207	-26	-27	-6	62	-241	111	280	101508	Z
A	23392	-1	2	207	-28	-24	-13	63	-243	112	280	101508	Z
A	23944	-1	3	205	-27	-30	-6	63	-243	112	280	101505	Z
A	23480	-1	4	204	-22	-26	-13	63	-242	110	280	101505	Z
A	23572	-1	3	205	-25	-28	-11	63	-242	110	280	101505	Z
A	23548	0	3	205	-27	-29	-8	63	-242	110	280	101505	Z
A	23388	0	3	206	-26	-28	-8	63	-242	112	280	101505	Z
A	23388	-1	4	209	-24	-28	-10	63	-242	112	280	101505	Z
A	23556	-1	3	205	-26	-29	-11	63	-242	112	280	101505	Z
A	23572	-1	2	205	-25	-26	-10	63	-241	111	280	101505	Z
A	23584	-1	4	204	-24	-26	-12	63	-241	111	280	101505	Z
A	23576	0	3	206	-26	-23	-10	63	-241	111	280	101505	Z
A	23464	-1	2	206	-27	-30	-9	63	-242	109	280	101505	Z
A	23480	-1	2	205	-22	-27	-8	63	-242	109	280	101505	Z
A	23480	-1	3	205	-26	-27	-14	63	-242	109	280	101505	Z
A	23568	-1	3	206	-25	-28	-13	63	-242	112	280	101505	Z
A	23552	0	3	207	-26	-30	-10	63	-242	112	280	101505	Z
A	23496	-1	2	205	-25	-27	-11	63	-242	112	280	101505	Z
A	23564	-1	3	205	-23	-27	-9	63	-243	113	280	101505	Z
A	23492	-1	3	206	-23	-31	-13	63	-243	113	280	101505	Z
A	23572	0	3	206	-25	-25	-8	63	-243	113	280	101505	Z
A	23396	-1	3	207	-28	-29	-12	62	-242	109	280	101505	Z
A	23568	-1	3	206	-27	-29	-9	62	-242	109	280	101505	Z
A	23480	-1	2	205	-24	-27	-11	62	-242	109	280	101505	Z
A	23568	0	4	206	-27	-28	-8	64	-242	112	280	101505	Z
A	23392	0	3	204	-24	-24	-11	64	-242	112	280	101505	Z
A	23468	-1	3	207	-28	-28	-13	64	-242	112	280	101505	Z
A	23568	-1	3	205	-25	-26	-9	64	-243	111	280	101505	Z
A	23472	-1	3	205	-26	-24	-14	64	-243	111	280	101505	Z
A	23564	-2	2	204	-24	-26	-9	64	-242	112	280	101505	Z
A	23484	-1	2	207	-25	-26	-14	64	-242	112	280	101505	Z
A	23544	-1	4	206	-26	-31	-13	64	-242	112	280	101505	Z
A	23564	-1	3	205	-25	-25	-14	63	-242	112	280	101505	Z
A	23556	0	3	204	-24	-28	-9	63	-242	112	280	101505	Z
A	23392	0	3	205	-28	-26	-11	63	-242	112	280	101505	Z
A	23464	-1	3	206	-28	-24	-12	63	-241	110	280	101505	Z
A	23556	-1	3	205	-27	-31	-9	63	-241	110	280	101505	Z
A	23480	-1	3	204	-25	-27	-10	63	-241	110	280	101505	Z
A	23568	-1	2	206	-23	-27	-9	63	-242	112	280	101505	Z
A	23464	0	3	206	-23	-27	-9	63	-242	112	280	101505	Z
A	23420	-1	2	205	-30	-26	-7	63	-242	112	280	101505	Z
A	23484	0	3	206	-22	-27	-10	63	-242	111	280	101505	Z
A	23476	-1	3	205	-24	-25	-10	63	-242	111	280	101505	Z
A	23540	0	2	207	-24	-26	-11	63	-242	111	280	101505	Z
A	23484	-1	3	205	-21	-26	-10	62	-241	111	280	101505	Z
A	23564	0	1	207	-24	-29	-7	62	-241	111	280	101505	Z
A	23388	-1	2	207	-25	-24	-10	62	-241	111	280	101505	Z
A	23564	-1	3	206	-24	-28	-6	64	-242	112	280	101505	Z
A	23472	0	3	208	-22	-24	-11	64	-242	112	280	101505	Z
A	23476	-1	4	206	-24	-25	-9	64	-242	112	280	101505	Z
A	23484	-1	2	206	-25	-28	-11	63	-242	111	280	101505	Z
A	23692	-1	2	206	-28	-25	-8	63	-242	111	280	101505	Z
A	23860	-1	4	205	-26	-30	-9	63	-240	111	280	101508	Z
A	23480	-1	2	208	-20	-25	-10	63	-240	111	280	101508	Z
A	23552	-2	3	208	-28	-30	-8	63	-240	111	280	101508	Z
A	23484	0	3	205	-26	-28	-11	63	-242	111	280	101508	Z
A	23456	0	3	206	-23	-28	-11	63	-242	111	280	101508	Z
A	23476	-1	4	206	-25	-29	-12	63	-242	111	280	101508	Z
A	23560	-1	3	206	-28	-27	-10	63	-242	110	280	101508	Z
A	23552	-2	3	207	-28	-28	-13	63	-242	110	280	101508	Z
A	23564	-1	2	205	-26	-27	-11	63	-242	110	280	101508	Z
A	23556	-2	3	206	-23	-27	-9	63	-241	113	280	101508	Z
A	23488	-3	3	206	-27	-28	-13	63	-241	113	280	101508	Z
A	23556	0	2	205	-22	-25	-9	63	-241	113	280	101508	Z
A	23408	-1	2	205	-27	-25	-10	63	-242	111	280	101508	Z
A	23576	-1	2	206	-28	-29	-10	63	-242	111	280	101508	Z
A	23576	-1	3	208	-25	-27	-11	63	-242	111	280	101508	Z
A	23584	-1	3	205	-27	-27	-8	62	-241	111	280	101508	Z
A	23492	-1	3	206	-29	-25	-13	62	-241	111	280	101508	Z
A	23584	-1	3	206	-25	-26	-12	62	-241	111	280	101508	Z
A	23556	-1	3	206	-23	-27	-10	63	-241	114	280	101508	Z
A	23552	-2	2	207	-29	-29	-9	63	-241	114	280	101508	Z
A	23488	0	2	207	-27	-26	-11	63	-241	114	280	101508	Z
A	23464	-2	3	207	-28	-26	-11	63	-242	112	280	101508	Z
A	23572	-1	3	207	-25	-25	-8	63	-242	112	280	101508	Z
A	23484	-1	3	204	-28	-27	-10	63	-241	111	280	101508	Z
A	23560	-2	2	207	-29	-29	-8	63	-241	111	280	101508	Z
A	23484	-1	3	206	-25	-29	-9	63	-241	111	280	101508	Z
A	23468	-1	4	206	-26	-26	-10	63	-242	113	280	101508	Z
A	23568	-1	2	205	-24	-24	-11	63	-242	113	280	101508	Z
A	23564	-1	3	206	-26	-28	-10	63	-242	113	280	101508	Z
A	23560	0	2	206	-25	-28	-9	63	-242	111	280	101508	Z
A	23412	-1	3	205	-26	-30	-11	63	-242	111	280	101508	Z
A	23580	0	3	205	-24	-24	-7	63	-242	111	280	101508	Z
A	23416	0	3	204	-27	-27	-14	63	-240	111	280	101508	Z
A	23496	-1	2	206	-21	-29	-8	63	-240	111	280	101508	Z
A	23488	-1	4	206	-27	-27	-10	63	-240	111	280	101508	Z
A	23552	-1	3	205	-25	-27	-9	64	-242	110	280	101508	Z
A	23484	-1	3	205	-25	-30	-8	64	-242	110	280	101508	Z
A	23468	0	2	206	-25	-24	-11	64	-242	110	280	101508	Z
A	23480	-1	3	207	-25	-25	-6	64	-241	111	280	101508	Z
A	23468	0	3	206	-27	-28	-9	64	-241	111	280	101508	Z
A	23384	-1	3	204	-26	-27	-8	64	-241	111	280	101508	Z
A	23468	0	3	205	-24	-26	-10	64	-242	113	280	101508	Z
A	23476	0	3	206	-25	-26	-11	64	-242	113	280	101508	Z
A	23484	-1	3	205	-26	-30	-11	64	-242	113	280	101508	Z
A	23568	-1	4	206	-25	-26	-10	62	-241	110	280	101508	Z
A	23556	0	3	206	-26	-25	-11	62	-241	110	280	101508	Z
A	23480	-1	3	206	-26	-24	-8	62	-241	110	280	101508	Z
A	23492	0	3	205	-22	-27	-12	63	-242	112	280	101508	Z
A	23492	-1	3	206	-25	-24	-12	63	-242	112	280	101508	Z
A	23580	0	3	206	-26	-29	-10	63	-242	112	280	101508	Z
A	23496	-1	3	207	-24	-27	-10	63	-242	112	280	101514	Z
A	23580	0	3	205	-26	-26	-12	63	-242	112	280	101514	Z
A	23484	-1	3	207	-26	-27	-10	62	-242	109	280	101514	Z
A	23572	0	3	205	-28	-28	-12	62	-242	109	280	101514	Z
A	23484	-1	2	205	-26	-25	-9	62	-242	109	280	101514	Z
A	23464	0	3	206	-27	-27	-11	63	-241	112	280	101514	Z
A	23456	-2	3	206	-23	-26	-12	63	-241	112	280	101514	Z