A	13900	2	1	197	-30	-31	-21	40	-189	83	260	101559	Z
A	13788	6	0	207	-19	-35	-13	40	-189	83	260	101563	Z
A	13812	4	-7	212	-25	-21	-15	40	-189	83	260	101556	Z
A	13868	5	-1	203	-23	-18	-18	40	-189	83	260	101553	Z
A	13888	2	-2	206	-27	-23	-19	40	-189	83	260	101550	Z
A	13912	3	0	204	-30	-33	-18	38	-191	85	260	101566	Z
A	13812	4	-1	209	-30	-33	-16	38	-191	85	260	101556	Z
A	13916	4	-4	209	-24	-25	-17	38	-191	85	260	101559	Z
A	13892	2	0	203	-22	-23	-20	38	-191	85	260	101563	Z
A	13816	0	0	203	-27	-30	-17	38	-191	85	260	101563	Z
A	13808	1	0	205	-27	-33	-17	38	-191	83	260	101556	Z
A	13816	4	-3	205	-29	-26	-16	38	-191	83	260	101553	Z
A	13896	5	-2	207	-25	-22	-19	38	-191	83	260	101559	Z
A	13908	3	-1	206	-25	-22	-19	38	-191	83	260	101569	Z
A	13880	2	-1	206	-24	-28	-19	38	-191	83	260	101553	Z
A	13896	3	-1	205	-22	-34	-19	40	-190	87	260	101556	Z
A	13912	5	-1	206	-23	-26	-21	40	-190	87	260	101563	Z
A	13880	5	-2	207	-27	-23	-16	40	-190	87	260	101556	Z
A	13896	2	-1	207	-26	-30	-17	40	-190	87	260	101563	Z
A	13896	2	-1	207	-31	-30	-16	40	-190	87	260	101560	Z
A	13904	3	-2	205	-28	-31	-17	37	-191	84	260	101560	Z
A	13896	3	-1	207	-22	-25	-18	37	-191	84	260	101560	Z
A	13888	3	-2	206	-23	-24	-16	37	-191	84	260	101553	Z
A	13912	2	-1	204	-27	-27	-20	37	-191	84	260	101553	Z
A	13888	3	-1	206	-27	-27	-20	37	-191	84	260	101556	Z
A	13896	4	-2	207	-28	-27	-20	39	-191	82	260	101556	Z
A	13892	3	-2	206	-28	-25	-18	39	-191	82	260	101563	Z
A	13904	2	-1	206	-26	-24	-16	39	-191	82	260	101569	Z
A	13904	3	-1	205	-26	-30	-17	39	-191	82	260	101560	Z
A	13908	3	-1	206	-25	-31	-14	39	-191	82	260	101556	Z
A	13924	2	-2	207	-25	-25	-18	40	-190	87	260	101556	Z
A	13884	3	-2	206	-28	-25	-19	40	-190	87	260	101560	Z
A	13904	2	-1	205	-25	-30	-22	40	-190	87	260	101572	Z
A	13892	2	-1	206	-27	-30	-19	40	-190	87	260	101556	Z
A	13908	4	-2	208	-28	-28	-16	40	-190	87	260	101556	Z
A	13888	3	-1	207	-27	-25	-15	38	-191	83	260	101563	Z
A	13888	3	-1	205	-26	-27	-18	38	-191	83	260	101556	Z
A	13928	3	-1	205	-25	-30	-20	38	-191	83	260	101560	Z
A	13888	3	-2	205	-26	-27	-15	38	-191	83	260	101560	Z
A	13900	4	-2	208	-26	-27	-20	38	-191	83	260	101569	Z
A	13888	3	-2	207	-27	-23	-20	40	-190	83	260	101560	Z
A	13900	3	-1	207	-25	-26	-18	40	-190	83	260	101556	Z
A	13888	3	-2	206	-22	-29	-18	40	-190	83	260	101566	Z
A	13896	3	-3	205	-22	-27	-18	40	-190	83	260	101569	Z
A	13924	3	0	205	-24	-26	-17	38	-190	85	260	101553	Z
A	13800	3	-1	204	-25	-23	-17	38	-190	85	260	101566	Z
A	13924	2	-2	206	-30	-27	-16	38	-190	85	260	101563	Z
A	13888	4	-3	207	-28	-28	-15	38	-190	85	260	101569	Z
A	13896	3	-2	207	-29	-24	-18	38	-190	85	260	101569	Z
A	13888	3	0	205	-20	-27	-21	38	-191	83	260	101560	Z
A	13820	3	-1	205	-25	-26	-17	38	-191	83	260	101556	Z
A	13884	2	-1	206	-24	-28	-16	38	-191	83	260	101575	Z
A	13896	4	-1	206	-28	-26	-21	38	-191	83	260	101569	Z
A	13920	3	-2	207	-26	-29	-18	38	-191	83	260	101563	Z
A	13880	2	-1	205	-27	-28	-16	40	-190	87	260	101559	Z
A	13904	3	-1	206	-25	-31	-19	40	-190	87	260	101569	Z
A	13892	3	-2	205	-24	-31	-18	40	-190	87	260	101566	Z
A	13908	3	-1	204	-24	-25	-21	40	-190	87	260	101569	Z
A	13888	3	-1	206	-27	-25	-17	40	-190	87	260	101569	Z
A	13892	3	-2	205	-27	-29	-18	37	-191	84	260	101566	Z
A	13932	3	-1	204	-28	-26	-24	37	-191	84	260	101563	Z
A	13888	2	-2	209	-26	-28	-20	37	-191	84	260	101563	Z
A	13900	3	-3	206	-25	-26	-17	37	-191	84	260	101563	Z
A	13892	3	-2	205	-22	-26	-16	37	-191	84	260	101563	Z
A	13908	2	-2	206	-26	-27	-18	39	-191	81	260	101569	Z
A	13876	3	-2	205	-28	-26	-19	39	-191	81	260	101563	Z
A	13896	3	-2	205	-27	-25	-14	39	-191	81	260	101563	Z
A	13920	3	-3	208	-28	-26	-17	39	-191	81	260	101566	Z
A	13896	3	-3	205	-28	-26	-18	39	-191	81	260	101556	Z
A	13904	4	-2	207	-23	-27	-18	39	-190	85	260	101553	Z
A	13892	3	-2	206	-25	-27	-20	39	-190	85	260	101563	Z
A	13900	2	-1	206	-25	-30	-18	39	-190	85	260	101569	Z
A	13872	3	-2	207	-25	-30	-19	39	-190	85	260	101560	Z
A	13884	2	-2	207	-26	-28	-19	39	-190	85	260	101560	Z
A	13932	4	-2	206	-26	-27	-17	37	-191	83	260	101556	Z
A	13892	3	-1	204	-25	-29	-16	37	-191	83	260	101556	Z
A	13900	3	-1	204	-25	-25	-22	37	-191	83	260	101563	Z
A	13884	2	0	206	-23	-26	-23	37	-191	83	260	101556	Z
A	13816	3	-1	208	-25	-25	-21	37	-191	83	260	101556	Z
A	13884	3	-1	208	-27	-28	-15	40	-190	84	260	101563	Z
A	13896	2	-2	204	-26	-28	-17	40	-190	84	260	101563	Z
A	13908	3	-1	205	-27	-27	-20	40	-190	84	260	101560	Z
A	13888	4	-2	206	-25	-27	-19	40	-190	84	260	101563	Z
A	13912	3	-2	206	-26	-25	-12	38	-190	84	260	101569	Z
A	13892	3	0	205	-23	-28	-17	38	-190	84	260	101560	Z
A	13816	4	-3	206	-26	-28	-20	38	-190	84	260	101566	Z
A	13888	4	-3	207	-25	-26	-16	38	-190	84	260	101563	Z
A	13904	4	-3	207	-24	-26	-18	38	-190	84	260	101563	Z
A	13876	3	-1	205	-26	-31	-18	39	-191	82	260	101559	Z
A	13900	2	-1	207	-29	-33	-18	39	-191	82	260	101563	Z
A	13920	2	-1	207	-25	-30	-13	39	-191	82	260	101556	Z
A	13884	3	-1	205	-22	-22	-15	39	-191	82	260	101560	Z
A	13904	2	-3	208	-29	-26	-16	39	-191	82	260	101563	Z
A	13896	2	-1	208	-25	-28	-17	40	-190	87	260	101566	Z
A	13904	2	-1	207	-27	-27	-17	40	-190	87	260	101566	Z
A	13884	4	-3	207	-26	-26	-18	40	-190	87	260	101560	Z
A	13896	4	-1	207	-26	-26	-22	40	-190	87	260	101563	Z
A	13912	2	0	204	-24	-30	-21	40	-190	87	260	101563	Z
A	13812	3	-1	206	-24	-28	-18	38	-191	85	260	101556	Z
A	13920	4	-1	207	-26	-27	-13	38	-191	85	260	101556	Z
A	13892	3	-3	207	-25	-23	-15	38	-191	85	260	101566	Z
A	13900	2	-4	206	-26	-28	-20	38	-191	85	260	101563	Z
A	13884	2	0	202	-23	-32	-16	38	-191	85	260	101553	Z
A	13816	3	0	202	-26	-28	-21	39	-191	81	260	101566	Z
A	13804	3	-1	205	-26	-24	-20	39	-191	81	260	101569	Z
A	13896	3	-3	211	-24	-23	-25	39	-191	81	260	101563	Z
A	13888	3	-3	207	-25	-29	-20	39	-191	81	260	101563	Z
A	13884	4	0	205	-27	-34	-15	39	-191	81	260	101563	Z
A	13816	5	0	204	-26	-30	-17	39	-190	84	260	101560	Z
A	13804	5	-1	206	-26	-24	-18	39	-190	84	260	101556	Z
A	13928	3	-1	208	-29	-23	-16	39	-190	84	260	101556	Z
A	13892	2	-2	206	-24	-31	-15	39	-190	84	260	101553	Z
A	13900	3	-2	204	-25	-32	-20	39	-190	84	260	101569	Z
A	13888	2	-1	204	-24	-29	-24	38	-191	83	260	101563	Z
A	13904	3	0	206	-24	-19	-19	38	-191	83	260	101563	Z
A	13800	2	-1	208	-29	-23	-17	38	-191	83	260	101556	Z
A	13900	2	-1	206	-26	-29	-17	38	-191	83	260	101566	Z
A	13904	3	-2	207	-26	-29	-18	38	-191	83	260	101553	Z
A	13888	5	-1	205	-21	-29	-16	40	-190	84	260	101569	Z
A	13912	6	-2	203	-23	-24	-18	40	-190	84	260	101556	Z
A	13888	3	0	206	-28	-26	-19	40	-190	84	260	101556	Z
A	13816	2	-1	207	-27	-29	-21	40	-190	84	260	101556	Z
A	13896	3	-2	209	-28	-28	-17	40	-190	84	260	101556	Z
A	13904	3	-1	206	-26	-29	-15	38	-191	85	260	101560	Z
A	13880	2	-2	205	-23	-27	-17	38	-191	85	260	101556	Z
A	13888	2	0	205	-24	-26	-18	38	-191	85	260	101563	Z
A	13796	2	-1	205	-25	-27	-19	38	-191	85	260	101563	Z
A	13884	3	-3	207	-29	-25	-17	39	-190	81	260	101560	Z
A	13928	3	-2	206	-28	-24	-21	39	-190	81	260	101560	Z
A	13888	4	-2	206	-26	-26	-22	39	-190	81	260	101563	Z
A	13904	3	0	204	-23	-28	-17	39	-190	81	260	101556	Z
A	13812	4	-1	205	-24	-27	-19	39	-190	81	260	101563	Z
A	13888	5	0	207	-22	-24	-19	41	-191	86	260	101553	Z
A	13804	4	-1	205	-26	-26	-20	41	-191	86	260	101560	Z
A	13912	3	-4	207	-26	-29	-18	41	-191	86	260	101572	Z
A	13884	2	-1	208	-24	-29	-17	41	-191	86	260	101556	Z
A	13888	2	0	205	-24	-27	-16	41	-191	86	260	101563	Z
A	13800	3	-1	206	-24	-25	-20	38	-191	85	260	101563	Z
A	13892	2	-2	206	-26	-24	-18	38	-191	85	260	101560	Z
A	13920	3	-2	206	-24	-26	-18	38	-191	85	260	101563	Z
A	13896	3	-1	204	-25	-28	-21	38	-191	85	260	101563	Z
A	13916	5	-2	206	-27	-29	-17	38	-191	85	260	101569	Z
A	13892	3	-1	207	-29	-26	-18	40	-190	84	260	101566	Z
A	13896	5	-1	208	-28	-25	-16	40	-190	84	260	101566	Z
A	13904	3	-1	203	-26	-26	-16	40	-190	84	260	101569	Z
A	13892	3	-1	203	-22	-28	-18	40	-190	84	260	101566	Z
A	13916	3	-2	206	-22	-26	-16	40	-190	84	260	101563	Z
A	13884	3	-3	205	-29	-24	-19	39	-190	85	260	101563	Z
A	13908	2	-2	208	-28	-26	-22	39	-190	85	260	101563	Z
A	13896	2	-1	207	-28	-32	-18	39	-190	85	260	101566	Z
A	13900	2	-3	205	-24	-33	-18	39	-190	85	260	101556	Z
A	13904	3	-1	205	-26	-30	-18	39	-190	85	260	101563	Z
A	13884	3	0	204	-22	-22	-17	38	-191	82	260	101572	Z
A	13840	3	0	207	-27	-29	-17	38	-191	82	260	101569	Z
A	13800	3	-2	208	-34	-30	-15	38	-191	82	260	101569	Z
A	13920	3	-1	204	-29	-29	-19	38	-191	82	260	101563	Z
A	13892	5	-1	206	-25	-25	-21	38	-191	82	260	101575	Z
A	13892	4	-2	206	-21	-26	-23	40	-190	83	260	101556	Z
A	13896	3	-1	204	-22	-26	-19	40	-190	83	260	101563	Z
A	13908	3	-1	204	-22	-29	-17	40	-190	83	260	101563	Z
A	13900	3	-1	205	-28	-28	-17	40	-190	83	260	101575	Z
A	13884	3	-1	206	-28	-26	-15	40	-190	83	260	101572	Z
A	13916	3	-1	207	-25	-23	-18	41	-190	86	260	101556	Z
A	13896	2	-3	206	-26	-29	-19	41	-190	86	260	101563	Z
A	13900	3	-2	205	-25	-28	-19	41	-190	86	260	101553	Z
A	13888	3	-1	206	-24	-25	-22	41	-190	86	260	101556	Z
A	13904	3	0	202	-23	-27	-20	38	-191	81	260	101550	Z
A	13804	4	-1	205	-27	-25	-17	38	-191	81	260	101560	Z
A	13884	3	-2	208	-32	-29	-18	38	-191	81	260	101566	Z
A	13920	4	-2	208	-28	-31	-21	38	-191	81	260	101556	Z
A	13880	3	-2	208	-24	-27	-14	38	-191	81	260	101560	Z
A	13896	3	-1	205	-21	-27	-19	39	-190	84	260	101560	Z
A	13892	2	-1	203	-24	-28	-18	39	-190	84	260	101563	Z
A	13908	2	-1	203	-26	-28	-18	39	-190	84	260	101563	Z
A	13884	4	-2	208	-28	-24	-22	39	-190	84	260	101563	Z
A	13896	3	-3	208	-32	-25	-18	39	-190	84	260	101560	Z
A	13924	3	-2	207	-26	-28	-16	38	-190	84	260	101563	Z
A	13884	3	-1	206	-25	-29	-18	38	-190	84	260	101556	Z
A	13896	4	-1	204	-24	-29	-16	38	-190	84	260	101556	Z
A	13892	4	-1	205	-24	-23	-14	38	-190	84	260	101550	Z
A	13912	3	-1	205	-26	-26	-16	38	-190	84	260	101560	Z
A	13880	2	-3	208	-26	-27	-18	39	-190	83	260	101569	Z
A	13896	2	-3	207	-30	-25	-20	39	-190	83	260	101550	Z
A	13920	3	-3	207	-25	-28	-21	39	-190	83	260	101560	Z
A	13888	3	-2	204	-21	-27	-21	39	-190	83	260	101560	Z
A	13912	2	-1	205	-22	-26	-21	39	-190	83	260	101556	Z
A	13896	3	-1	207	-25	-29	-19	40	-190	85	260	101556	Z
A	13904	3	-2	207	-29	-29	-13	40	-190	85	260	101569	Z
A	13876	3	-3	208	-25	-27	-17	40	-190	85	260	101553	Z
A	13888	2	-1	205	-27	-29	-19	40	-190	85	260	101553	Z
A	13920	3	-1	203	-26	-28	-13	40	-190	85	260	101563	Z
A	13880	4	0	205	-23	-27	-17	38	-190	82	260	101566	Z
A	13836	4	-1	206	-24	-26	-21	38	-190	82	260	101560	Z
A	13884	3	-2	207	-23	-24	-22	38	-190	82	260	101556	Z
A	13904	2	-1	208	-26	-28	-21	38	-190	82	260	101563	Z
A	13900	2	-1	204	-27	-31	-17	38	-190	82	260	101553	Z
A	13904	3	-1	205	-27	-27	-17	41	-191	84	260	101553	Z
A	13900	4	-1	204	-24	-24	-16	41	-191	84	260	101563	Z
A	13884	2	-2	206	-24	-26	-16	41	-191	84	260	101556	Z
A	13916	3	-1	206	-24	-29	-15	41	-191	84	260	101563	Z
A	13892	3	-1	206	-27	-32	-16	41	-191	84	260	101560	Z
A	13888	3	-1	205	-26	-27	-21	39	-190	85	260	101556	Z
A	13892	2	0	206	-27	-24	-21	39	-190	85	260	101553	Z
A	13820	3	-1	206	-27	-26	-17	39	-190	85	260	101563	Z
A	13872	3	-3	207	-25	-33	-18	39	-190	85	260	101563	Z
A	13892	3	-1	207	-24	-33	-19	39	-190	85	260	101563	Z
A	13908	4	-2	206	-23	-27	-16	38	-191	82	260	101560	Z
A	13888	4	-2	206	-27	-26	-13	38	-191	82	260	101560	Z
A	13896	3	-1	205	-28	-28	-19	38	-191	82	260	101560	Z
A	13888	2	-1	206	-31	-29	-20	38	-191	82	260	101563	Z
A	13900	3	-2	206	-28	-30	-19	40	-190	84	260	101556	Z
A	13896	4	-1	207	-25	-28	-19	40	-190	84	260	101563	Z
A	13892	4	0	206	-26	-25	-18	40	-190	84	260	101556	Z
A	13796	2	0	207	-22	-28	-21	40	-190	84	260	101556	Z
A	13808	3	-1	204	-24	-28	-18	40	-190	84	260	101553	Z
A	13884	4	-1	205	-29	-27	-14	37	-190	84	260	101556	Z
A	13896	3	-2	207	-29	-27	-16	37	-190	84	260	101556	Z
A	13920	4	-3	208	-26	-28	-16	37	-190	84	260	101553	Z
A	13892	2	-3	207	-23	-31	-18	37	-190	84	260	101550	Z
A	13908	3	0	203	-22	-30	-20	37	-190	84	260	101560	Z
A	13808	4	0	204	-26	-29	-18	39	-190	83	260	101550	Z
A	13820	3	0	207	-30	-21	-20	39	-190	83	260	101563	Z
A	13804	2	-3	207	-27	-23	-18	39	-190	83	260	101563	Z
A	13900	3	-3	207	-29	-28	-17	39	-190	83	260	101556	Z
A	13896	4	-1	204	-24	-35	-21	39	-190	83	260	101563	Z
A	13904	5	-1	206	-26	-26	-19	40	-190	87	260	101569	Z
A	13900	5	0	205	-22	-24	-18	40	-190	87	260	101550	Z
A	13804	3	-2	209	-26	-25	-15	40	-190	87	260	101569	Z
A	13912	3	-3	210	-23	-27	-18	40	-190	87	260	101556	Z
A	13888	2	-4	206	-30	-32	-15	40	-190	87	260	101569	Z
A	13904	3	-1	203	-26	-28	-14	37	-190	81	260	101550	Z
A	13888	3	0	202	-26	-24	-17	37	-190	81	260	101563	Z
A	13804	3	-1	206	-27	-24	-20	37	-190	81	260	101563	Z
A	13892	3	-2	209	-28	-26	-21	37	-190	81	260	101563	Z
A	13900	2	-2	210	-24	-29	-19	37	-190	81	260	101553	Z
A	13900	4	-4	207	-24	-29	-20	39	-189	83	260	101556	Z
A	13888	3	-1	205	-26	-25	-18	39	-189	83	260	101560	Z
A	13916	3	-1	205	-24	-25	-19	39	-189	83	260	101556	Z
A	13888	2	0	205	-26	-28	-18	39	-189	83	260	101553	Z
A	13820	3	-1	208	-24	-28	-14	39	-189	83	260	101560	Z
A	13892	4	-2	208	-27	-29	-17	38	-190	87	260	101556	Z
A	13908	2	-1	208	-25	-29	-21	38	-190	87	260	101550	Z
A	13888	3	-2	205	-22	-28	-18	38	-190	87	260	101569	Z
A	13896	3	0	205	-24	-32	-19	38	-190	87	260	101556	Z
A	13828	3	-1	205	-26	-26	-19	38	-190	87	260	101547	Z
A	13892	4	-2	207	-26	-28	-17	38	-190	82	260	101563	Z
A	13912	3	0	206	-29	-28	-18	38	-190	82	260	101566	Z
A	13796	3	-2	206	-25	-31	-17	38	-190	82	260	101556	Z
A	13916	4	-1	206	-25	-29	-15	38	-190	82	260	101563	Z
A	13896	3	-1	206	-21	-31	-20	39	-189	84	260	101556	Z
A	13904	3	-1	205	-27	-29	-17	39	-189	84	260	101553	Z
A	13888	3	-2	206	-24	-30	-18	39	-189	84	260	101556	Z
A	13884	3	-2	209	-27	-30	-19	39	-189	84	260	101556	Z
A	13928	3	-2	206	-25	-23	-21	39	-189	84	260	101547	Z
A	13892	3	-1	203	-26	-28	-17	37	-191	83	260	101550	Z
A	13896	2	0	207	-26	-28	-14	37	-191	83	260	101556	Z
A	13808	4	-1	207	-26	-26	-16	37	-191	83	260	101556	Z
A	13900	3	-1	206	-28	-24	-19	37	-191	83	260	101563	Z
A	13900	3	-3	206	-27	-29	-16	37	-191	83	260	101556	Z
A	13892	3	-2	207	-26	-30	-17	39	-192	82	260	101556	Z
A	13904	4	-2	207	-26	-30	-19	39	-192	82	260	101563	Z
A	13892	3	-1	205	-27	-26	-21	39	-192	82	260	101556	Z
A	13916	2	-3	206	-24	-22	-16	39	-192	82	260	101563	Z
A	13884	3	-3	207	-27	-30	-16	39	-192	82	260	101560	Z
A	13900	2	-1	204	-25	-28	-19	39	-190	85	260	101563	Z
A	13892	3	-2	206	-25	-28	-20	39	-190	85	260	101556	Z
A	13884	3	-3	208	-24	-25	-18	39	-190	85	260	101556	Z
A	13904	3	-1	206	-25	-28	-17	39	-190	85	260	101563	Z
A	13888	3	-1	206	-24	-25	-19	39	-190	85	260	101553	Z
A	13920	4	-1	204	-26	-30	-22	37	-191	82	260	101556	Z
A	13892	4	-1	207	-24	-25	-14	37	-191	82	260	101556	Z
A	13900	3	-1	206	-24	-24	-18	37	-191	82	260	101560	Z
A	13892	3	-1	205	-26	-26	-18	37	-191	82	260	101556	Z
A	13900	3	-2	207	-24	-30	-18	37	-191	82	260	101547	Z
A	13904	3	-2	207	-26	-26	-14	39	-190	82	260	101550	Z
A	13884	3	-2	206	-26	-28	-16	39	-190	82	260	101556	Z
A	13912	3	0	204	-20	-26	-17	39	-190	82	260	101556	Z
A	13792	3	-2	206	-28	-28	-22	39	-190	82	260	101569	Z
A	13904	2	-2	208	-27	-26	-18	39	-190	82	260	101556	Z
A	13900	2	-1	208	-23	-28	-18	39	-191	85	260	101560	Z
A	13904	3	-1	205	-25	-28	-16	39	-191	85	260	101560	Z
A	13876	3	-1	205	-26	-30	-19	39	-191	85	260	101563	Z
A	13892	3	-2	208	-24	-28	-16	39	-191	85	260	101550	Z
A	13908	3	-2	206	-25	-26	-18	39	-191	85	260	101560	Z
A	13880	2	-1	206	-28	-28	-18	39	-192	82	260	101556	Z
A	13896	2	-2	205	-26	-27	-21	39	-192	82	260	101569	Z
A	13892	3	-2	204	-22	-29	-20	39	-192	82	260	101556	Z
A	13896	3	-1	204	-23	-30	-19	39	-192	82	260	101556	Z
A	13880	3	-1	208	-28	-27	-20	39	-190	82	260	101560	Z
A	13904	3	-1	206	-25	-28	-18	40	-190	86	260	101550	Z
A	13900	3	-2	208	-26	-29	-16	40	-190	86	260	101556	Z
A	13888	3	0	205	-25	-29	-16	40	-190	86	260	101556	Z
A	13840	4	-1	203	-25	-24	-18	40	-190	86	260	101550	Z
A	13880	4	-1	208	-24	-23	-19	38	-190	84	260	101556	Z
A	13908	3	-2	207	-24	-27	-19	38	-190	84	260	101556	Z
A	13888	3	-2	208	-27	-30	-19	38	-190	84	260	101556	Z
A	13912	4	-1	205	-25	-29	-19	38	-190	84	260	101550	Z
A	13872	3	-1	204	-23	-30	-21	38	-190	84	260	101560	Z
A	13888	2	-2	204	-30	-26	-17	39	-191	81	260	101556	Z
A	13932	2	-1	208	-24	-32	-15	39	-191	81	260	101566	Z
A	13888	2	-4	206	-26	-26	-17	39	-191	81	260	101560	Z
A	13900	3	-1	207	-25	-30	-19	39	-191	81	260	101559	Z
A	13888	4	-1	207	-24	-28	-20	39	-191	81	260	101566	Z
A	13912	3	-1	206	-24	-29	-19	40	-190	86	260	101556	Z
A	13880	3	-2	207	-27	-27	-20	40	-190	86	260	101550	Z
A	13884	3	-2	205	-26	-29	-19	40	-190	86	260	101566	Z
A	13928	2	-2	208	-26	-28	-16	40	-190	86	260	101560	Z
A	13884	2	-1	205	-26	-27	-16	40	-190	86	260	101556	Z
A	13896	3	-2	206	-25	-24	-15	37	-190	85	260	101560	Z
A	13896	2	-1	206	-26	-29	-18	37	-190	85	260	101559	Z
A	13904	3	-2	207	-25	-25	-16	37	-190	85	260	101556	Z
A	13876	2	-2	206	-26	-26	-18	37	-190	85	260	101566	Z
A	13884	3	-3	204	-25	-27	-20	37	-190	85	260	101560	Z
A	13924	3	-1	205	-27	-29	-24	39	-190	82	260	101556	Z
A	13880	3	-1	205	-25	-28	-20	39	-190	82	260	101556	Z
A	13900	3	-2	205	-25	-25	-17	39	-190	82	260	101563	Z
A	13896	4	-2	208	-25	-29	-21	39	-190	82	260	101556	Z
A	13908	3	-1	206	-23	-26	-17	39	-190	82	260	101560	Z
A	13888	2	-1	206	-25	-31	-17	39	-190	85	260	101563	Z
A	13896	2	-1	207	-27	-25	-17	39	-190	85	260	101563	Z
A	13928	3	-3	206	-24	-26	-16	39	-190	85	260	101572	Z
A	13896	2	-1	206	-27	-29	-22	39	-190	85	260	101556	Z
A	13904	2	-1	206	-27	-26	-23	39	-190	85	260	101556	Z
A	13884	2	0	207	-27	-27	-18	38	-191	83	260	101563	Z
A	13808	4	-1	205	-25	-28	-18	38	-191	83	260	101560	Z
A	13884	2	0	207	-27	-27	-19	38	-191	83	260	101560	Z
A	13824	3	-1	206	-26	-30	-17	38	-191	83	260	101560	Z
A	13888	3	-1	204	-27	-28	-17	38	-191	83	260	101566	Z
A	13900	4	-1	207	-23	-26	-18	41	-190	85	260	101550	Z
A	13928	2	-1	206	-26	-27	-16	41	-190	85	260	101563	Z
A	13892	2	-2	206	-23	-30	-19	41	-190	85	260	101559	Z
A	13904	3	-1	205	-25	-27	-18	41	-190	85	260	101556	Z
A	13884	3	0	206	-22	-25	-20	37	-191	84	260	101563	Z
A	13820	2	-1	206	-27	-25	-20	37	-191	84	260	101556	Z
A	13896	3	-2	207	-25	-28	-19	37	-191	84	260	101560	Z
A	13900	3	-1	206	-25	-27	-14	37	-191	84	260	101550	Z
A	13904	3	-1	207	-28	-27	-17	37	-191	84	260	101556	Z
A	13892	3	-1	206	-25	-28	-18	39	-190	82	260	101566	Z
A	13916	4	-1	206	-27	-26	-16	39	-190	82	260	101559	Z
A	13892	3	-1	207	-29	-27	-15	39	-190	82	260	101556	Z
A	13904	3	-2	209	-25	-30	-19	39	-190	82	260	101566	Z
A	13880	3	0	204	-24	-27	-22	39	-190	82	260	101569	Z
A	13832	2	-1	205	-25	-28	-20	39	-191	86	260	101563	Z
A	13880	3	0	205	-28	-27	-19	39	-191	86	260	101560	Z
A	13800	3	-2	209	-29	-24	-17	39	-191	86	260	101563	Z
A	13884	4	-4	208	-25	-24	-20	39	-191	86	260	101560	Z
A	13892	3	-2	208	-21	-28	-18	39	-191	86	260	101556	Z
A	13908	2	0	206	-24	-32	-15	37	-191	84	260	101556	Z
A	13792	3	-1	204	-25	-29	-15	37	-191	84	260	101563	Z
A	13920	3	-1	205	-31	-24	-19	37	-191	84	260	101556	Z
A	13884	3	-1	207	-29	-26	-18	37	-191	84	260	101553	Z
A	13900	3	-3	206	-29	-29	-17	37	-191	84	260	101563	Z
A	13888	4	-2	206	-28	-30	-20	39	-190	83	260	101566	Z
A	13896	4	-1	208	-22	-28	-20	39	-190	83	260	101556	Z
A	13900	3	-1	202	-25	-29	-20	39	-190	83	260	101553	Z
A	13880	3	-1	206	-27	-25	-18	39	-190	83	260	101556	Z
A	13920	3	-1	205	-29	-30	-17	39	-190	83	260	101556	Z
A	13888	3	-2	207	-27	-29	-16	38	-190	85	260	101560	Z
A	13892	3	-2	207	-28	-25	-20	38	-190	85	260	101550	Z
A	13892	3	-1	208	-27	-25	-19	38	-190	85	260	101569	Z
A	13896	3	0	208	-25	-29	-18	38	-190	85	260	101553	Z
A	13796	4	-1	207	-23	-31	-19	38	-190	85	260	101560	Z
A	13896	3	-1	207	-24	-29	-18	37	-192	81	260	101553	Z
A	13924	3	-2	206	-28	-28	-18	37	-192	81	260	101556	Z
A	13884	4	-1	206	-28	-25	-16	37	-192	81	260	101563	Z
A	13900	3	-2	206	-29	-30	-20	37	-192	81	260	101550	Z
A	13888	3	-1	206	-28	-28	-18	37	-192	81	260	101556	Z
A	13912	2	-3	207	-28	-27	-16	40	-191	84	260	101566	Z
A	13876	3	-3	208	-25	-27	-17	40	-191	84	260	101556	Z
A	13900	3	-1	205	-21	-27	-21	40	-191	84	260	101563	Z
A	13916	3	0	206	-22	-29	-22	40	-191	84	260	101556	Z
A	13808	2	-1	205	-27	-30	-15	38	-190	85	260	101556	Z
A	13920	5	-3	206	-25	-28	-18	38	-190	85	260	101547	Z
A	13884	4	0	207	-29	-27	-17	38	-190	85	260	101556	Z
A	13816	4	-1	206	-27	-28	-20	38	-190	85	260	101560	Z
A	13892	4	-1	206	-24	-29	-16	38	-190	85	260	101563	Z
A	13904	3	-1	206	-24	-28	-18	38	-191	82	260	101553	Z
A	13888	2	-1	204	-25	-28	-21	38	-191	82	260	101559	Z
A	13900	3	-1	205	-23	-27	-20	38	-191	82	260	101563	Z
A	13920	2	-2	206	-27	-27	-18	38	-191	82	260	101556	Z
A	13884	2	-2	207	-28	-26	-16	38	-191	82	260	101560	Z
A	13904	3	-2	207	-28	-28	-21	40	-190	85	260	101563	Z
A	13892	3	-1	205	-23	-26	-18	40	-190	85	260	101572	Z
A	13908	3	-1	203	-23	-27	-16	40	-190	85	260	101556	Z
A	13900	3	-1	205	-22	-27	-19	40	-190	85	260	101556	Z
A	13892	5	-2	208	-28	-26	-21	40	-190	85	260	101563	Z
A	13928	4	-1	208	-28	-27	-19	38	-191	84	260	101563	Z
A	13896	3	-1	206	-27	-28	-15	38	-191	84	260	101560	Z
A	13892	3	0	205	-26	-30	-20	38	-191	84	260	101560	Z
A	13808	3	-1	205	-22	-26	-20	38	-191	84	260	101556	Z
A	13900	2	-1	205	-22	-27	-17	38	-191	84	260	101560	Z
A	13892	2	-1	206	-26	-32	-18	40	-191	84	260	101553	Z
A	13896	1	-1	203	-30	-36	-20	40	-191	84	260	101559	Z
A	13908	2	-1	203	-35	-35	-21	40	-191	84	260	101563	Z
A	13884	2	-2	207	-28	-25	-23	40	-191	84	260	101560	Z
A	13916	5	-2	208	-26	-21	-23	40	-191	84	260	101556	Z
A	13896	4	-1	205	-23	-28	-20	38	-189	85	260	101556	Z
A	13892	5	-2	205	-21	-31	-22	38	-189	85	260	101556	Z
A	13892	7	-2	205	-25	-36	-19	38	-189	85	260	101547	Z
A	13896	6	-3	208	-32	-28	-16	38	-189	85	260	101560	Z
A	13904	4	-2	205	-32	-25	-13	38	-189	85	260	101553	Z
A	13888	2	-1	205	-33	-25	-16	38	-191	81	260	101550	Z
A	13916	1	-1	204	-26	-30	-17	38	-191	81	260	101560	Z
A	13892	1	-1	207	-23	-34	-17	38	-191	81	260	101550	Z
A	13896	2	-3	207	-20	-29	-25	38	-191	81	260	101560	Z
A	13888	2	-3	207	-23	-23	-21	38	-191	81	260	101560	Z
A	13912	3	-1	207	-29	-24	-23	40	-191	85	260	101560	Z
A	13904	3	-1	206	-29	-26	-17	40	-191	85	260	101553	Z
A	13888	6	-1	205	-28	-26	-15	40	-191	85	260	101560	Z
A	13908	6	-2	207	-24	-28	-14	40	-191	85	260	101563	Z
A	13900	5	-2	205	-23	-26	-16	40	-191	86	260	101550	Z
A	13904	4	-1	204	-24	-28	-13	38	-191	86	260	101569	Z
A	13892	3	-2	206	-28	-33	-16	38	-191	86	260	101560	Z
A	13896	1	-1	207	-30	-28	-20	38	-191	86	260	101563	Z
A	13912	2	-2	207	-28	-28	-23	38	-191	86	260	101563	Z
A	13876	2	0	205	-27	-26	-22	39	-191	82	260	101560	Z
A	13828	2	-1	204	-21	-33	-18	39	-191	82	260	101553	Z
A	13888	3	-2	207	-23	-24	-21	39	-191	82	260	101560	Z
A	13900	5	-2	207	-23	-25	-19	39	-191	82	260	101544	Z
A	13888	5	-2	206	-26	-25	-15	39	-191	82	260	101569	Z
A	13912	5	-1	205	-29	-25	-16	41	-190	84	260	101556	Z
A	13876	4	-1	203	-31	-32	-17	41	-190	84	260	101556	Z
A	13884	5	-1	208	-28	-32	-18	41	-190	84	260	101556	Z
A	13920	4	-1	207	-24	-26	-19	41	-190	84	260	101556	Z
A	13884	3	-2	206	-22	-27	-20	41	-190	84	260	101563	Z
A	13908	1	-1	206	-25	-28	-19	37	-190	83	260	101547	Z
A	13908	1	-1	206	-25	-29	-17	37	-190	83	260	101563	Z
A	13904	2	-1	205	-28	-27	-17	37	-190	83	260	101553	Z
A	13876	3	-1	204	-29	-23	-17	37	-190	83	260	101566	Z
A	13892	4	-1	206	-25	-25	-18	37	-190	83	260	101566	Z
A	13916	5	0	207	-22	-29	-20	39	-191	82	260	101563	Z
A	13796	5	-1	206	-23	-28	-20	39	-191	82	260	101569	Z
A	13928	5	-1	205	-22	-25	-16	39	-191	82	260	101553	Z
A	13900	4	-2	205	-27	-24	-21	39	-191	82	260	101553	Z
A	13892	3	-3	204	-29	-31	-20	39	-191	82	260	101563	Z
A	13884	1	-1	204	-27	-29	-17	40	-190	87	260	101553	Z
A	13904	3	-1	206	-26	-31	-13	40	-190	87	260	101556	Z
A	13900	2	-2	207	-23	-26	-16	40	-190	87	260	101556	Z
A	13884	3	-2	206	-22	-29	-20	40	-190	87	260	101556	Z
A	13920	2	-1	205	-26	-26	-20	40	-190	87	260	101566	Z
A	13888	3	-3	206	-25	-28	-21	38	-191	81	260	101560	Z
A	13896	4	-2	207	-26	-27	-19	38	-191	81	260	101550	Z
A	13888	5	-1	207	-29	-25	-21	38	-191	81	260	101556	Z
A	13904	4	-3	205	-28	-29	-18	38	-191	81	260	101556	Z
A	13896	4	-1	206	-24	-30	-11	38	-191	81	260	101556	Z
A	13884	4	-3	205	-22	-28	-15	40	-191	84	260	101560	Z
A	13912	2	-3	209	-23	-29	-18	40	-191	84	260	101550	Z
A	13892	2	-3	204	-27	-28	-15	40	-191	84	260	101556	Z
A	13888	2	-2	207	-25	-24	-20	40	-191	84	260	101563	Z
A	13892	3	-2	206	-25	-27	-18	40	-191	84	260	101560	Z
A	13908	2	-1	207	-25	-27	-22	39	-192	87	260	101556	Z
A	13896	4	-2	206	-22	-24	-19	39	-192	87	260	101553	Z
A	13888	4	-2	206	-26	-23	-15	39	-192	87	260	101550	Z
A	13920	4	-2	207	-25	-24	-14	39	-192	87	260	101563	Z
A	13888	5	-2	207	-27	-23	-17	39	-189	83	260	101553	Z
A	13888	5	-2	205	-28	-25	-17	39	-189	83	260	101556	Z
A	13892	4	-2	207	-23	-26	-15	39	-189	83	260	101556	Z
A	13900	3	-3	207	-23	-24	-19	39	-189	83	260	101556	Z
A	13904	2	-1	207	-23	-23	-21	39	-189	83	260	101559	Z
A	13888	2	-1	208	-23	-22	-20	40	-190	84	260	101560	Z
A	13924	2	-2	206	-22	-23	-18	40	-190	84	260	101556	Z
A	13892	3	-2	208	-26	-23	-21	40	-190	84	260	101566	Z
A	13880	3	-2	205	-21	-24	-19	40	-190	84	260	101560	Z
A	13892	4	-1	206	-27	-26	-18	40	-190	84	260	101550	Z
A	13900	4	-1	207	-24	-27	-15	38	-191	84	260	101569	Z
A	13904	4	-2	206	-23	-28	-16	38	-191	84	260	101563	Z
A	13884	4	-2	206	-22	-28	-20	38	-191	84	260	101569	Z
A	13916	4	-1	207	-21	-25	-18	38	-191	84	260	101560	Z
A	13900	4	-1	204	-25	-27	-16	38	-191	84	260	101556	Z
A	13900	2	-1	205	-25	-25	-16	39	-190	83	260	101556	Z
A	13892	1	-1	204	-25	-27	-18	39	-190	83	260	101556	Z
A	13908	2	-1	207	-25	-26	-17	39	-190	83	260	101556	Z
A	13892	2	-2	208	-28	-26	-18	39	-190	83	260	101547	Z
A	13880	2	-2	205	-24	-27	-16	39	-190	83	260	101553	Z
A	13920	3	-1	204	-25	-27	-19	40	-191	86	260	101560	Z
A	13888	5	-1	207	-23	-26	-20	40	-191	86	260	101560	Z
A	13904	4	-1	205	-26	-25	-19	40	-191	86	260	101553	Z
A	13884	5	-2	206	-27	-25	-19	40	-191	86	260	101563	Z
A	13900	3	-1	206	-23	-30	-22	40	-191	86	260	101560	Z
A	13900	4	-1	205	-26	-29	-19	36	-191	82	260	101560	Z
A	13888	2	-1	206	-26	-31	-17	36	-191	82	260	101556	Z
A	13916	2	-1	207	-24	-29	-13	36	-191	82	260	101560	Z
A	13892	1	-1	207	-25	-27	-18	36	-191	82	260	101556	Z
A	13896	2	-1	208	-27	-27	-18	36	-191	82	260	101560	Z
A	13892	2	-1	205	-28	-28	-17	39	-190	83	260	101550	Z
A	13908	3	-1	205	-22	-25	-21	39	-190	83	260	101563	Z
A	13896	4	-2	206	-23	-27	-21	39	-190	83	260	101556	Z
A	13888	3	-2	208	-25	-27	-20	39	-190	83	260	101560	Z
A	13908	5	-2	207	-28	-28	-16	39	-190	83	260	101556	Z
A	13904	4	-1	204	-25	-28	-19	37	-190	86	260	101553	Z
A	13900	4	-2	205	-26	-28	-18	37	-190	86	260	101560	Z
A	13896	3	-1	208	-25	-28	-17	37	-190	86	260	101556	Z
A	13892	2	-1	208	-23	-27	-18	37	-190	86	260	101556	Z
A	13912	2	-2	206	-24	-28	-16	38	-191	83	260	101556	Z
A	13876	2	-3	206	-24	-26	-19	38	-191	83	260	101553	Z
A	13904	2	-2	206	-26	-28	-21	38	-191	83	260	101556	Z
A	13896	2	-1	204	-28	-27	-17	38	-191	83	260	101556	Z
A	13892	4	-1	204	-24	-26	-21	38	-191	83	260	101556	Z
A	13888	4	-2	204	-27	-26	-18	40	-190	86	260	101553	Z
A	13904	4	-1	208	-27	-25	-17	40	-190	86	260	101560	Z
A	13896	3	-1	204	-25	-26	-18	40	-190	86	260	101563	Z
A	13884	3	-1	205	-25	-31	-16	40	-190	86	260	101566	Z
A	13920	3	-1	205	-29	-27	-17	40	-190	86	260	101563	Z
A	13884	2	-2	206	-27	-28	-19	38	-191	83	260	101556	Z
A	13892	2	-1	206	-28	-24	-16	38	-191	83	260	101550	Z
A	13896	2	-2	205	-25	-25	-18	38	-191	83	260	101550	Z
A	13896	2	-2	205	-27	-27	-20	38	-191	83	260	101556	Z
A	13896	3	-1	207	-27	-29	-23	38	-191	83	260	101563	Z
A	13892	3	-1	204	-23	-25	-17	38	-191	81	260	101553	Z
A	13924	3	-1	206	-26	-26	-16	38	-191	81	260	101550	Z
A	13896	4	-2	207	-23	-24	-19	38	-191	81	260	101550	Z
A	13888	3	-1	206	-27	-28	-18	38	-191	81	260	101544	Z
A	13888	4	-1	206	-25	-31	-18	38	-191	81	260	101560	Z
A	13912	4	-2	205	-23	-28	-17	39	-190	86	260	101556	Z
A	13904	3	0	206	-26	-27	-19	39	-190	86	260	101550	Z
A	13812	2	-1	206	-25	-24	-19	39	-190	86	260	101556	Z
A	13916	2	-1	207	-27	-30	-16	39	-190	86	260	101550	Z
A	13896	3	-2	206	-24	-28	-17	39	-190	86	260	101550	Z
A	13912	3	-1	206	-26	-26	-21	38	-191	84	260	101550	Z
A	13900	3	-2	204	-25	-28	-19	38	-191	84	260	101553	Z
A	13896	3	0	207	-27	-30	-18	38	-191	84	260	101556	Z
A	13800	3	-1	204	-26	-27	-18	38	-191	84	260	101556	Z
A	13904	3	-2	206	-25	-29	-20	38	-191	84	260	101550	Z
A	13908	3	0	207	-26	-32	-21	40	-190	83	260	101556	Z
A	13808	3	-1	205	-26	-27	-17	40	-190	83	260	101550	Z
A	13912	3	-2	207	-29	-29	-18	40	-190	83	260	101566	Z
A	13888	2	0	206	-23	-24	-17	40	-190	83	260	101556	Z
A	13832	3	-2	208	-25	-27	-20	40	-190	83	260	101556	Z
A	13892	2	-2	206	-27	-30	-17	39	-190	86	260	101556	Z
A	13908	2	-1	206	-24	-30	-18	39	-190	86	260	101553	Z
A	13888	3	-1	204	-26	-28	-17	39	-190	86	260	101556	Z
A	13896	3	-1	206	-26	-28	-23	39	-190	86	260	101556	Z
A	13924	3	-2	207	-24	-26	-17	38	-191	82	260	101566	Z
A	13880	2	-2	207	-25	-29	-16	38	-191	82	260	101553	Z
A	13904	3	-1	207	-21	-29	-20	38	-191	82	260	101556	Z
A	13896	4	-1	208	-26	-29	-17	38	-191	82	260	101550	Z
A	13916	4	-1	205	-25	-27	-16	38	-191	82	260	101550	Z
A	13880	3	-1	207	-27	-28	-16	40	-191	84	260	101550	Z
A	13884	2	0	206	-24	-29	-20	40	-191	84	260	101560	Z
A	13812	3	-2	206	-25	-28	-20	40	-191	84	260	101556	Z
A	13888	4	-2	207	-25	-28	-19	40	-191	84	260	101547	Z
A	13920	3	-1	207	-25	-26	-19	40	-191	84	260	101544	Z
A	13892	3	-2	203	-25	-26	-17	38	-191	82	260	101556	Z
A	13908	3	-1	205	-26	-32	-20	38	-191	82	260	101556	Z
A	13876	3	0	205	-27	-32	-15	38	-191	82	260	101550	Z
A	13812	3	-2	207	-24	-27	-18	38	-191	82	260	101556	Z
A	13888	4	-4	206	-26	-26	-15	38	-191	82	260	101566	Z
A	13904	3	-1	205	-26	-28	-19	38	-190	82	260	101556	Z
A	13892	2	-1	205	-26	-32	-16	38	-190	82	260	101556	Z
A	13892	4	-2	205	-26	-28	-18	38	-190	82	260	101553	Z
A	13912	2	-1	208	-26	-25	-20	38	-190	82	260	101553	Z
A	13892	2	-2	206	-28	-26	-23	38	-190	82	260	101556	Z
A	13900	2	-2	206	-24	-29	-21	40	-191	85	260	101569	Z
A	13888	4	-2	205	-24	-30	-17	40	-191	85	260	101560	Z
A	13908	4	-2	205	-28	-24	-18	40	-191	85	260	101544	Z
A	13888	3	-1	206	-24	-26	-18	40	-191	85	260	101563	Z
A	13884	3	-2	207	-24	-26	-15	40	-191	85	260	101560	Z
A	13916	3	-1	205	-26	-29	-15	38	-191	83	260	101550	Z
A	13888	3	0	205	-25	-26	-18	38	-191	83	260	101556	Z
A	13828	3	-1	204	-27	-25	-20	38	-191	83	260	101560	Z
A	13896	3	-2	207	-25	-25	-19	38	-191	83	260	101560	Z
A	13904	3	-2	206	-27	-28	-17	38	-191	83	260	101556	Z
A	13876	3	-2	209	-25	-27	-18	40	-191	83	260	101566	Z
A	13892	4	-2	205	-22	-27	-19	40	-191	83	260	101550	Z
A	13924	3	0	205	-25	-28	-17	40	-191	83	260	101560	Z
A	13796	4	0	205	-25	-28	-17	40	-191	83	260	101550	Z
A	13836	3	-1	207	-27	-27	-21	40	-191	83	260	101569	Z
A	13884	4	-2	209	-26	-23	-19	39	-190	85	260	101569	Z
A	13900	3	-3	207	-23	-27	-19	39	-190	85	260	101560	Z
A	13888	3	-2	206	-22	-30	-18	39	-190	85	260	101556	Z
A	13908	4	-1	203	-21	-31	-19	39	-190	85	260	101556	Z
A	13884	2	0	204	-28	-26	-20	39	-190	85	260	101560	Z
A	13804	3	-1	205	-29	-23	-17	38	-190	82	260	101563	Z
A	13876	1	-2	206	-31	-25	-16	38	-190	82	260	101550	Z
A	13888	3	-3	209	-26	-27	-22	38	-190	82	260	101556	Z
A	13920	4	-2	209	-25	-27	-21	38	-190	82	260	101550	Z
A	13888	3	-1	206	-24	-26	-18	40	-190	84	260	101550	Z
A	13896	3	0	204	-21	-25	-15	40	-190	84	260	101556	Z
A	13800	3	-1	205	-24	-27	-20	40	-190	84	260	101547	Z
A	13900	3	-1	205	-27	-27	-19	40	-190	84	260	101550	Z
A	13884	4	-2	207	-28	-27	-18	40	-190	84	260	101556	Z
A	13900	3	-2	208	-28	-26	-17	39	-190	86	260	101553	Z
A	13900	3	-2	208	-24	-25	-19	39	-190	86	260	101550	Z
A	13876	3	0	204	-20	-30	-22	39	-190	86	260	101553	Z
A	13824	2	0	203	-24	-30	-15	39	-190	86	260	101553	Z
A	13804	3	-1	207	-22	-28	-17	39	-190	86	260	101553	Z
A	13916	3	-2	210	-27	-24	-18	38	-190	82	260	101556	Z
A	13896	2	-2	209	-25	-26	-20	38	-190	82	260	101556	Z
A	13904	3	-3	204	-26	-29	-15	38	-190	82	260	101550	Z
A	13896	3	-1	203	-22	-30	-17	38	-190	82	260	101563	Z
A	13900	4	-1	204	-18	-27	-22	38	-190	82	260	101553	Z
A	13888	4	-1	205	-23	-22	-21	40	-190	86	260	101556	Z
A	13892	3	-1	207	-28	-26	-16	40	-190	86	260	101556	Z
A	13912	3	-4	206	-26	-29	-15	40	-190	86	260	101553	Z
A	13904	2	-1	207	-31	-27	-16	40	-190	86	260	101553	Z
A	13912	3	-2	206	-24	-28	-20	40	-190	86	260	101550	Z
A	13888	3	-1	206	-25	-26	-18	38	-191	84	260	101550	Z
A	13892	3	0	207	-22	-24	-17	38	-191	84	260	101547	Z
A	13800	3	-2	207	-28	-27	-21	38	-191	84	260	101550	Z
A	13896	3	-1	207	-29	-28	-20	38	-191	84	260	101547	Z
A	13904	4	-2	206	-26	-30	-15	38	-191	84	260	101556	Z
A	13888	2	-1	205	-25	-24	-16	39	-190	84	260	101550	Z
A	13908	3	-1	206	-25	-26	-21	39	-190	84	260	101544	Z
A	13892	2	-1	205	-27	-28	-19	39	-190	84	260	101556	Z
A	13900	3	-1	205	-22	-28	-17	39	-190	84	260	101560	Z
A	13892	3	-3	206	-27	-26	-16	39	-190	84	260	101556	Z
A	13904	2	-1	208	-26	-29	-21	38	-190	85	260	101560	Z
A	13904	2	0	205	-32	-29	-18	38	-190	85	260	101566	Z
A	13804	3	-1	205	-28	-29	-14	38	-190	85	260	101550	Z
A	13908	3	0	207	-23	-23	-19	38	-190	85	260	101556	Z
A	13804	3	-1	205	-23	-23	-20	38	-190	85	260	101553	Z
A	13912	2	-1	207	-22	-26	-20	36	-191	82	260	101566	Z
A	13896	3	-2	206	-26	-28	-18	36	-191	82	260	101556	Z
A	13904	3	-1	207	-26	-29	-16	36	-191	82	260	101563	Z
A	13892	4	0	204	-28	-26	-17	36	-191	82	260	101553	Z
A	13820	3	-1	205	-26	-26	-18	41	-190	84	260	101550	Z
A	13872	2	-2	205	-23	-27	-17	41	-190	84	260	101556	Z
A	13888	2	-1	205	-19	-29	-18	41	-190	84	260	101556	Z
A	13932	2	-1	206	-26	-28	-21	41	-190	84	260	101560	Z
A	13888	3	-3	207	-31	-24	-20	41	-190	84	260	101566	Z
A	13896	3	-2	207	-27	-25	-17	38	-190	85	260	101553	Z
A	13884	2	0	206	-28	-31	-18	38	-190	85	260	101553	Z
A	13820	4	-1	206	-25	-27	-19	38	-190	85	260	101550	Z
A	13888	3	-1	205	-19	-26	-17	38	-190	85	260	101563	Z
A	13892	3	-3	207	-24	-24	-16	38	-190	85	260	101569	Z
A	13900	3	-2	205	-27	-29	-16	39	-191	82	260	101563	Z
A	13888	3	-1	203	-30	-29	-19	39	-191	82	260	101556	Z
A	13912	3	0	204	-27	-26	-21	39	-191	82	260	101556	Z
A	13796	3	-2	205	-30	-21	-17	39	-191	82	260	101553	Z
A	13908	2	-1	205	-25	-26	-16	39	-191	82	260	101560	Z
A	13904	2	-1	207	-26	-28	-19	40	-190	85	260	101556	Z
A	13908	3	-1	204	-23	-30	-20	40	-190	85	260	101556	Z
A	13884	4	-1	207	-25	-25	-16	40	-190	85	260	101556	Z
A	13892	3	-2	205	-26	-23	-15	40	-190	85	260	101560	Z
A	13920	1	-1	207	-26	-28	-17	40	-190	85	260	101553	Z
A	13880	3	-1	207	-27	-31	-20	37	-190	83	260	101569	Z
A	13900	3	0	206	-23	-31	-16	37	-190	83	260	101550	Z
A	13812	5	-2	206	-21	-25	-17	37	-190	83	260	101556	Z
A	13912	4	-2	206	-23	-25	-22	37	-190	83	260	101556	Z
A	13884	3	0	203	-25	-29	-20	37	-190	83	260	101556	Z
A	13824	2	-1	204	-29	-29	-15	41	-191	82	260	101556	Z
A	13892	4	-3	209	-25	-27	-18	41	-191	82	260	101556	Z
A	13900	3	-3	207	-26	-25	-19	41	-191	82	260	101563	Z
A	13920	2	-2	207	-22	-27	-22	41	-191	82	260	101566	Z
A	13884	2	-1	204	-22	-30	-16	41	-191	82	260	101560	Z
A	13904	3	-1	204	-26	-28	-14	40	-191	87	260	101560	Z
A	13896	4	-1	205	-25	-23	-20	40	-191	87	260	101553	Z
A	13904	3	-2	207	-31	-25	-21	40	-191	87	260	101560	Z
A	13884	3	-3	208	-29	-26	-16	40	-191	87	260	101550	Z
A	13896	3	-3	206	-23	-31	-16	40	-191	87	260	101556	Z
A	13924	2	-1	206	-21	-29	-18	38	-191	82	260	101547	Z
A	13880	4	0	204	-19	-23	-15	38	-191	82	260	101556	Z
A	13844	2	-2	205	-19	-25	-17	38	-191	82	260	101563	Z
A	13888	2	-2	207	-28	-27	-16	38	-191	82	260	101563	Z
A	13896	3	-2	205	-29	-29	-19	38	-191	84	260	101556	Z
A	13880	4	0	206	-28	-25	-15	40	-191	84	260	101556	Z
A	13820	4	-1	202	-26	-25	-18	40	-191	84	260	101556	Z
A	13892	3	-2	208	-23	-21	-19	40	-191	84	260	101556	Z
A	13896	3	-1	206	-21	-27	-23	40	-191	84	260	101553	Z
A	13924	3	-2	206	-25	-31	-21	40	-190	86	260	101556	Z
A	13880	4	-1	206	-26	-29	-17	40	-190	86	260	101563	Z
A	13908	3	-1	204	-30	-27	-16	40	-190	86	260	101563	Z
A	13888	2	0	204	-30	-25	-19	40	-190	86	260	101566	Z
A	13828	2	-1	207	-24	-28	-17	40	-190	86	260	101560	Z
A	13888	2	-2	207	-23	-29	-18	38	-191	82	260	101566	Z
A	13900	2	-1	207	-20	-26	-18	38	-191	82	260	101563	Z
A	13888	2	-1	204	-21	-28	-19	38	-191	82	260	101563	Z
A	13884	3	0	203	-24	-26	-19	38	-191	82	260	101563	Z
A	13836	3	-1	205	-32	-27	-17	38	-191	82	260	101560	Z
A	13876	3	-4	209	-30	-31	-17	40	-189	85	260	101566	Z
A	13904	4	-3	207	-24	-27	-20	40	-189	85	260	101560	Z
A	13896	3	-2	206	-23	-28	-18	40	-189	85	260	101563	Z
A	13900	4	-2	206	-19	-28	-18	40	-189	85	260	101569	Z
A	13904	2	-1	203	-23	-29	-17	40	-189	85	260	101556	Z
A	13896	2	-1	203	-30	-28	-19	36	-190	83	260	101556	Z
A	13920	3	-2	206	-30	-24	-21	36	-190	83	260	101560	Z
A	13880	3	-2	207	-27	-24	-20	36	-190	83	260	101566	Z
A	13912	3	-1	207	-27	-28	-19	36	-190	83	260	101556	Z
A	13896	4	-1	204	-21	-26	-20	36	-190	83	260	101556	Z
A	13908	5	0	206	-21	-26	-22	39	-191	83	260	101556	Z
A	13804	4	-2	207	-25	-26	-18	39	-191	83	260	101556	Z
A	13896	3	-3	207	-29	-27	-17	39	-191	83	260	101553	Z
A	13884	3	-2	207	-29	-29	-18	39	-191	83	260	101553	Z
A	13884	3	-1	207	-30	-32	-17	39	-191	83	260	101563	Z
A	13912	4	-2	204	-23	-27	-16	39	-191	86	260	101553	Z
A	13892	3	0	205	-22	-25	-17	39	-191	86	260	101563	Z
A	13824	2	-1	205	-25	-25	-21	39	-191	86	260	101560	Z
A	13896	2	-2	207	-23	-25	-20	39	-191	86	260	101566	Z
A	13900	3	-1	207	-26	-25	-19	39	-191	86	260	101553	Z
A	13896	4	-2	207	-29	-27	-17	37	-191	82	260	101550	Z
A	13896	4	-1	206	-29	-24	-20	37	-191	82	260	101560	Z
A	13900	4	-1	206	-24	-28	-18	37	-191	82	260	101553	Z
A	13888	4	-1	205	-23	-28	-17	37	-191	82	260	101556	Z
A	13904	4	-3	205	-21	-23	-17	37	-191	82	260	101547	Z
A	13896	3	-2	206	-26	-29	-17	39	-191	83	260	101550	Z
A	13904	2	-1	205	-33	-28	-20	39	-191	83	260	101560	Z
A	13892	1	0	205	-29	-27	-18	39	-191	83	260	101550	Z
A	13804	2	-1	206	-24	-27	-18	39	-191	83	260	101556	Z
A	13884	2	-2	207	-25	-30	-20	38	-191	84	260	101550	Z
A	13892	3	-1	205	-23	-25	-21	38	-191	84	260	101556	Z
A	13932	2	-1	205	-21	-28	-19	38	-191	84	260	101560	Z
A	13888	4	-2	205	-27	-28	-16	38	-191	84	260	101550	Z
A	13900	4	-2	207	-27	-26	-20	38	-191	84	260	101563	Z
A	13896	2	-1	208	-29	-25	-19	39	-191	83	260	101569	Z
A	13904	3	-1	204	-23	-30	-18	39	-191	83	260	101553	Z
A	13880	2	-1	206	-23	-29	-16	39	-191	83	260	101556	Z
A	13892	2	-2	206	-21	-28	-19	39	-191	83	260	101560	Z
A	13920	3	-1	205	-23	-26	-17	39	-191	83	260	101563	Z
A	13888	3	-2	207	-26	-27	-20	40	-190	86	260	101566	Z
A	13908	2	-2	205	-28	-25	-15	40	-190	86	260	101560	Z
A	13884	3	-2	207	-29	-31	-18	40	-190	86	260	101556	Z
A	13908	3	-1	206	-24	-27	-18	40	-190	86	260	101563	Z
A	13876	3	-1	207	-24	-26	-17	40	-190	86	260	101556	Z
A	13880	4	0	208	-23	-29	-16	39	-191	83	260	101556	Z
A	13824	3	-1	205	-26	-25	-19	39	-191	83	260	101556	Z
A	13896	3	-2	206	-28	-26	-18	39	-191	83	260	101563	Z
A	13920	3	-1	204	-27	-28	-18	39	-191	83	260	101560	Z
A	13888	3	-2	205	-29	-27	-16	39	-191	83	260	101563	Z
A	13900	3	-2	208	-27	-29	-18	39	-191	81	260	101563	Z
A	13892	3	-1	206	-22	-27	-22	39	-191	81	260	101553	Z
A	13900	3	-2	206	-21	-27	-18	39	-191	81	260	101560	Z
A	13896	2	0	206	-22	-26	-20	39	-191	81	260	101572	Z
A	13812	3	-2	206	-25	-28	-19	39	-191	81	260	101550	Z
A	13936	3	-1	206	-27	-29	-18	40	-190	86	260	101560	Z
A	13888	4	-1	206	-28	-29	-18	40	-190	86	260	101560	Z
A	13900	3	-1	206	-25	-25	-18	40	-190	86	260	101563	Z
A	13888	3	-1	207	-24	-28	-18	40	-190	86	260	101553	Z
A	13904	3	-3	207	-22	-28	-21	40	-190	86	260	101556	Z
A	13876	3	-2	207	-26	-31	-17	37	-191	84	260	101566	Z
A	13896	3	-2	207	-26	-30	-13	37	-191	84	260	101569	Z
A	13924	3	-3	206	-27	-27	-19	37	-191	84	260	101556	Z
A	13884	2	-1	203	-25	-27	-18	37	-191	84	260	101556	Z
A	13900	3	-1	204	-24	-27	-19	37	-191	84	260	101560	Z
A	13896	3	-1	206	-23	-27	-18	39	-191	82	260	101553	Z
A	13912	3	-2	208	-25	-28	-18	39	-191	82	260	101556	Z
A	13880	3	-1	205	-29	-30	-21	39	-191	82	260	101553	Z
A	13880	4	-3	208	-24	-29	-22	39	-191	82	260	101556	Z
A	13928	4	-2	204	-25	-29	-15	37	-191	84	260	101556	Z
A	13888	2	-1	204	-24	-25	-16	37	-191	84	260	101560	Z
A	13904	3	-1	206	-26	-31	-18	37	-191	84	260	101556	Z
A	13888	3	-1	205	-25	-26	-19	37	-191	84	260	101550	Z
A	13912	2	-3	206	-27	-25	-15	37	-191	84	260	101553	Z
A	13872	2	-1	208	-29	-26	-20	38	-191	83	260	101553	Z
A	13892	3	-1	207	-27	-28	-21	38	-191	83	260	101560	Z
A	13928	3	-1	206	-24	-31	-19	38	-191	83	260	101572	Z
A	13896	4	-1	206	-21	-27	-18	38	-191	83	260	101575	Z
A	13912	3	-1	207	-24	-26	-17	38	-191	83	260	101563	Z
A	13900	3	-2	204	-22	-26	-16	41	-190	85	260	101560	Z
A	13908	2	-1	206	-27	-28	-19	41	-190	85	260	101563	Z
A	13888	3	-1	206	-28	-31	-16	41	-190	85	260	101556	Z
A	13900	2	-1	207	-27	-29	-16	41	-190	85	260	101569	Z
A	13924	3	-2	205	-27	-29	-18	41	-190	85	260	101556	Z
A	13880	2	0	206	-22	-26	-20	37	-190	83	260	101566	Z
A	13816	4	-1	207	-19	-27	-16	37	-190	83	260	101563	Z
A	13888	4	-2	203	-24	-27	-19	37	-190	83	260	101556	Z
A	13908	4	-2	206	-26	-27	-20	37	-190	83	260	101550	Z
A	13888	4	-2	209	-28	-24	-20	37	-190	83	260	101560	Z
A	13900	3	-1	207	-28	-26	-17	39	-190	80	260	101550	Z
A	13920	4	-2	206	-29	-28	-15	39	-190	80	260	101556	Z
A	13884	4	-1	206	-24	-26	-19	39	-190	80	260	101556	Z
A	13900	3	-2	206	-22	-27	-19	39	-190	80	260	101563	Z
A	13896	3	-2	205	-23	-28	-18	39	-190	80	260	101560	Z
A	13912	2	-1	207	-26	-26	-17	39	-191	85	260	101566	Z
A	13888	3	-1	206	-29	-25	-17	39	-191	85	260	101563	Z
A	13888	3	-1	206	-27	-29	-16	39	-191	85	260	101553	Z
A	13932	3	-1	205	-23	-26	-17	39	-191	85	260	101560	Z
A	13892	3	-1	206	-21	-27	-18	39	-191	85	260	101563	Z
A	13900	3	-1	206	-22	-30	-19	38	-192	82	260	101550	Z
A	13896	3	-1	206	-28	-26	-18	38	-192	82	260	101556	Z
A	13904	5	-2	205	-27	-30	-18	38	-192	82	260	101553	Z
A	13876	3	-2	205	-26	-25	-17	38	-192	82	260	101560	Z
A	13888	3	-1	206	-26	-26	-20	38	-192	82	260	101566	Z
A	13916	2	0	206	-21	-28	-22	40	-190	83	260	101560	Z
A	13804	2	-1	205	-25	-30	-16	40	-190	83	260	101556	Z
A	13916	4	-1	203	-27	-25	-19	40	-190	83	260	101550	Z
A	13892	3	-1	206	-26	-24	-18	40	-190	83	260	101550	Z
A	13900	2	-1	206	-32	-28	-17	39	-190	84	260	101553	Z
A	13892	3	-2	206	-26	-28	-16	39	-190	84	260	101553	Z
A	13900	3	-2	208	-26	-29	-18	39	-190	84	260	101563	Z
A	13904	3	-1	203	-24	-27	-23	39	-190	84	260	101566	Z
A	13888	3	-1	204	-18	-25	-20	39	-190	84	260	101563	Z
A	13916	3	-2	205	-24	-28	-16	38	-190	81	260	101556	Z
A	13900	2	-1	205	-26	-31	-17	38	-190	81	260	101547	Z
A	13896	3	-1	207	-28	-26	-15	38	-190	81	260	101566	Z
A	13892	2	-1	207	-24	-28	-19	38	-190	81	260	101553	Z
A	13904	4	-2	207	-24	-27	-15	38	-190	81	260	101560	Z
A	13896	3	-1	204	-20	-27	-17	41	-191	86	260	101550	Z
A	13880	3	-2	206	-22	-28	-20	41	-191	86	260	101556	Z
A	13920	3	-3	207	-27	-26	-21	41	-191	86	260	101566	Z
A	13884	4	-3	206	-29	-24	-21	41	-191	86	260	101560	Z
A	13892	4	-2	208	-27	-30	-19	41	-191	86	260	101556	Z
A	13888	3	-1	206	-23	-30	-19	39	-190	85	260	101553	Z
A	13908	3	-1	203	-23	-29	-17	39	-190	85	260	101553	Z
A	13904	3	-1	206	-22	-25	-15	39	-190	85	260	101550	Z
A	13876	2	-1	206	-26	-27	-14	39	-190	85	260	101550	Z
A	13928	2	-2	207	-28	-28	-20	39	-190	85	260	101560	Z
A	13888	4	-2	205	-28	-27	-23	38	-190	80	260	101550	Z
A	13892	3	-2	206	-30	-24	-20	38	-190	80	260	101550	Z
A	13896	3	-1	204	-24	-30	-22	38	-190	80	260	101556	Z
A	13896	3	-2	207	-23	-30	-22	38	-190	80	260	101553	Z
A	13900	3	-2	207	-25	-28	-19	38	-190	80	260	101560	Z
A	13884	3	-3	206	-22	-25	-15	39	-190	85	260	101556	Z
A	13916	2	-1	205	-28	-28	-13	39	-190	85	260	101553	Z
A	13896	3	-1	206	-29	-25	-15	39	-190	85	260	101550	Z
A	13900	3	-2	207	-30	-26	-18	39	-190	85	260	101553	Z
A	13892	3	-1	207	-25	-26	-21	39	-190	85	260	101553	Z
A	13904	1	0	207	-25	-27	-19	38	-191	84	260	101550	Z
A	13800	2	-1	204	-21	-25	-20	38	-191	84	260	101556	Z
A	13900	3	-2	208	-25	-28	-20	38	-191	84	260	101547	Z
A	13924	4	-2	205	-26	-28	-17	38	-191	84	260	101550	Z
A	13896	3	-1	206	-29	-27	-13	38	-191	84	260	101566	Z
A	13904	3	-1	206	-29	-26	-18	40	-190	83	260	101553	Z
A	13892	4	-3	208	-25	-24	-18	40	-190	83	260	101556	Z
A	13896	3	-2	206	-20	-29	-19	40	-190	83	260	101556	Z
A	13872	3	0	205	-26	-27	-17	40	-190	83	260	101556	Z
A	13804	3	-1	206	-27	-27	-19	40	-190	83	260	101560	Z
A	13880	2	0	208	-27	-25	-22	38	-190	85	260	101563	Z
A	13808	3	-2	204	-27	-27	-16	38	-190	85	260	101560	Z
A	13892	2	-1	207	-29	-29	-15	38	-190	85	260	101550	Z
A	13880	3	0	207	-23	-27	-18	38	-190	85	260	101556	Z
A	13840	3	-1	206	-23	-27	-19	38	-191	80	260	101553	Z
A	13892	3	-1	206	-23	-25	-20	38	-191	80	260	101556	Z
A	13904	4	-1	205	-23	-27	-16	38	-191	80	260	101553	Z
A	13892	2	-1	204	-27	-31	-19	38	-191	80	260	101560	Z
A	13912	3	-1	207	-28	-27	-22	38	-191	80	260	101566	Z
A	13872	2	0	206	-26	-28	-20	41	-191	85	260	101556	Z
A	13808	3	-2	207	-22	-27	-17	41	-191	85	260	101550	Z
A	13904	3	-1	207	-22	-28	-18	41	-191	85	260	101560	Z
A	13892	2	-1	207	-22	-25	-17	41	-191	85	260	101563	Z
A	13916	2	-2	206	-25	-27	-18	41	-191	85	260	101556	Z
A	13892	2	-1	206	-29	-26	-17	38	-191	85	260	101553	Z
A	13900	3	-1	207	-28	-25	-21	38	-191	85	260	101560	Z
A	13896	3	-1	207	-28	-26	-20	38	-191	85	260	101569	Z
A	13904	4	-2	207	-26	-29	-18	38	-191	85	260	101556	Z
A	13908	3	-1	205	-21	-30	-21	38	-191	85	260	101553	Z
A	13872	4	0	207	-25	-30	-18	39	-191	82	260	101556	Z
A	13836	4	-2	206	-26	-29	-18	39	-191	82	260	101553	Z
A	13892	2	-1	205	-26	-23	-17	39	-191	82	260	101556	Z
A	13900	2	-2	207	-27	-28	-16	39	-191	82	260	101556	Z
A	13904	4	-2	206	-28	-27	-20	39	-191	82	260	101566	Z
A	13912	3	-2	206	-23	-25	-18	40	-190	85	260	101556	Z
A	13876	3	-1	206	-23	-29	-19	40	-190	85	260	101550	Z
A	13888	2	-1	205	-25	-25	-20	40	-190	85	260	101556	Z
A	13928	3	-1	206	-28	-24	-19	40	-190	85	260	101553	Z
A	13888	3	-1	207	-29	-26	-20	40	-190	85	260	101560	Z
A	13900	4	-2	205	-24	-23	-15	38	-190	83	260	101553	Z
A	13900	3	-2	206	-23	-27	-16	38	-190	83	260	101550	Z
A	13900	3	-1	205	-22	-26	-16	38	-190	83	260	101556	Z
A	13876	3	-1	204	-25	-27	-20	38	-190	83	260	101553	Z
A	13892	3	-2	204	-26	-29	-19	38	-190	83	260	101550	Z
A	13928	1	-3	206	-25	-25	-18	38	-190	84	260	101560	Z
A	13904	3	-1	206	-27	-27	-21	38	-190	84	260	101563	Z
A	13900	3	-2	205	-29	-29	-22	38	-190	84	260	101560	Z
A	13892	2	-1	203	-25	-26	-19	38	-190	84	260	101560	Z
A	13896	2	-1	206	-23	-29	-15	38	-190	84	260	101566	Z
A	13872	3	-1	206	-25	-26	-17	39	-190	87	260	101553	Z
A	13888	4	-2	205	-26	-27	-19	39	-190	87	260	101550	Z
A	13924	3	-1	207	-27	-30	-15	39	-190	87	260	101556	Z
A	13896	3	-1	207	-30	-31	-17	39	-190	87	260	101569	Z
A	13900	3	-1	205	-27	-30	-20	38	-191	81	260	101566	Z
A	13888	3	-1	207	-25	-25	-22	38	-191	81	260	101556	Z
A	13904	2	-2	206	-24	-25	-20	38	-191	81	260	101560	Z
A	13876	3	-1	207	-27	-24	-16	38	-191	81	260	101560	Z
A	13884	2	-2	205	-24	-29	-16	38	-191	81	260	101563	Z
A	13932	3	-1	204	-26	-26	-20	41	-190	84	260	101556	Z
A	13892	3	-2	207	-26	-26	-19	41	-190	84	260	101550	Z
A	13896	4	-3	206	-25	-26	-14	41	-190	84	260	101553	Z
A	13892	3	-2	206	-27	-25	-19	41	-190	84	260	101556	Z
A	13900	3	-2	205	-25	-30	-22	41	-190	84	260	101563	Z
A	13876	3	-1	206	-23	-24	-17	38	-191	86	260	101550	Z
A	13892	3	-2	204	-24	-29	-16	38	-191	86	260	101560	Z
A	13932	3	-1	203	-28	-27	-20	38	-191	86	260	101560	Z
A	13892	2	-1	205	-29	-22	-18	38	-191	86	260	101560	Z
A	13904	2	-1	205	-28	-29	-19	38	-191	86	260	101563	Z
A	13888	2	-2	206	-25	-25	-15	39	-191	82	260	101560	Z
A	13904	3	-1	206	-23	-26	-21	39	-191	82	260	101556	Z
A	13880	3	-1	206	-24	-27	-22	39	-191	82	260	101566	Z
A	13888	3	-1	207	-26	-26	-20	39	-191	82	260	101553	Z
A	13924	3	-1	206	-31	-29	-18	39	-191	82	260	101560	Z
A	13892	2	-1	206	-27	-29	-20	39	-190	85	260	101544	Z
A	13896	3	-1	207	-26	-28	-18	39	-190	85	260	101556	Z
A	13888	3	-1	205	-29	-23	-17	39	-190	85	260	101556	Z
A	13912	3	-1	206	-26	-27	-15	39	-190	85	260	101547	Z
A	13872	3	-2	206	-23	-26	-18	39	-190	85	260	101550	Z
A	13888	2	-1	206	-25	-27	-19	36	-191	82	260	101556	Z
A	13932	2	-1	206	-26	-25	-19	36	-191	82	260	101550	Z
A	13892	3	-1	207	-28	-28	-17	36	-191	82	260	101544	Z
A	13908	3	-2	206	-25	-22	-20	36	-191	82	260	101556	Z
A	13900	3	-2	206	-25	-26	-19	36	-191	82	260	101550	Z
A	13896	2	-1	207	-24	-29	-17	39	-191	82	260	101556	Z
A	13876	3	-1	205	-26	-28	-16	39	-191	82	260	101544	Z
A	13896	3	-3	204	-28	-29	-15	39	-191	82	260	101550	Z
A	13912	3	-1	205	-27	-28	-18	39	-191	82	260	101556	Z
A	13888	3	-2	206	-27	-26	-22	39	-191	82	260	101563	Z
A	13900	3	-2	206	-25	-26	-20	40	-190	88	260	101547	Z
A	13888	3	-2	206	-27	-28	-18	40	-190	88	260	101553	Z
A	13912	3	-1	204	-24	-27	-19	40	-190	88	260	101556	Z
A	13872	3	-2	205	-23	-28	-20	40	-190	88	260	101544	Z
A	13892	4	-2	206	-28	-28	-15	37	-191	82	260	101556	Z
A	13928	3	-2	207	-27	-28	-14	37	-191	82	260	101550	Z
A	13888	3	-2	206	-24	-27	-17	37	-191	82	260	101559	Z
A	13900	3	-1	206	-26	-29	-20	37	-191	82	260	101553	Z
A	13896	3	-1	205	-25	-30	-18	37	-191	82	260	101556	Z
A	13896	3	-2	205	-25	-24	-19	40	-190	83	260	101560	Z
A	13876	2	-1	205	-27	-30	-21	40	-190	83	260	101556	Z
A	13892	2	-2	207	-25	-29	-18	40	-190	83	260	101553	Z
A	13932	2	-1	206	-25	-29	-16	40	-190	83	260	101560	Z
A	13896	3	-3	205	-26	-28	-16	40	-190	83	260	101556	Z
A	13896	4	-1	205	-26	-28	-19	38	-190	83	260	101563	Z
A	13892	2	-1	205	-26	-27	-18	38	-190	83	260	101556	Z
A	13904	3	-2	204	-25	-26	-17	38	-190	83	260	101560	Z
A	13876	3	-4	206	-23	-25	-17	38	-190	83	260	101556	Z
A	13884	4	-2	207	-28	-26	-19	38	-190	83	260	101550	Z
A	13932	3	-1	205	-26	-27	-22	38	-192	82	260	101556	Z
A	13892	2	-1	207	-25	-27	-20	38	-192	82	260	101563	Z
A	13896	3	-2	206	-24	-26	-17	38	-192	82	260	101550	Z
A	13888	3	-1	206	-21	-28	-20	38	-192	82	260	101556	Z
A	13912	2	-2	207	-24	-28	-19	38	-192	82	260	101563	Z
A	13872	2	-1	206	-24	-28	-19	40	-190	86	260	101550	Z
A	13896	2	-1	207	-25	-31	-19	40	-190	86	260	101560	Z
A	13924	4	-2	206	-29	-27	-16	40	-190	86	260	101556	Z
A	13892	3	0	205	-25	-24	-21	40	-190	86	260	101556	Z
A	13820	3	-1	207	-21	-30	-20	40	-190	86	260	101560	Z
A	13892	3	-1	206	-25	-29	-16	38	-191	83	260	101563	Z
A	13888	3	-1	206	-27	-28	-22	38	-191	83	260	101572	Z
A	13892	3	-1	205	-26	-26	-20	38	-191	83	260	101563	Z
A	13900	3	-1	207	-24	-26	-18	38	-191	83	260	101553	Z
A	13904	3	-1	205	-23	-27	-16	38	-191	83	260	101560	Z
A	13884	3	-2	206	-24	-27	-20	40	-190	81	260	101566	Z
A	13916	2	-1	205	-28	-26	-21	40	-190	81	260	101569	Z
A	13896	4	-1	206	-24	-27	-16	40	-190	81	260	101556	Z
A	13888	3	-2	207	-27	-28	-18	40	-190	81	260	101563	Z
A	13892	4	-3	206	-26	-27	-20	40	-190	81	260	101560	Z
A	13900	3	0	206	-25	-27	-17	39	-190	87	260	101563	Z
A	13792	4	-2	205	-27	-25	-17	39	-190	87	260	101556	Z
A	13900	4	-2	205	-25	-27	-17	39	-190	87	260	101563	Z
A	13924	3	-1	206	-26	-27	-19	39	-190	87	260	101563	Z
A	13880	3	-3	207	-25	-27	-23	37	-191	82	260	101556	Z
A	13900	3	-2	206	-27	-30	-21	37	-191	82	260	101556	Z
A	13888	2	0	207	-27	-27	-18	37	-191	82	260	101556	Z
A	13816	4	-1	204	-26	-23	-20	37	-191	82	260	101556	Z
A	13900	1	-1	205	-25	-26	-19	37	-191	82	260	101556	Z
A	13900	3	-2	207	-26	-26	-18	40	-190	83	260	101556	Z
A	13884	4	-1	207	-25	-27	-15	40	-190	83	260	101547	Z
A	13888	3	-2	207	-28	-28	-17	40	-190	83	260	101560	Z
A	13912	3	-2	208	-25	-27	-21	40	-190	83	260	101550	Z
A	13900	3	-1	205	-25	-28	-18	40	-190	83	260	101560	Z
A	13896	3	-1	204	-25	-27	-17	38	-190	84	260	101556	Z
A	13888	3	-1	206	-23	-26	-19	38	-190	84	260	101553	Z
A	13900	3	-1	205	-22	-26	-20	38	-190	84	260	101556	Z
A	13888	4	-3	205	-25	-31	-20	38	-190	84	260	101566	Z
A	13896	2	-1	207	-27	-27	-14	38	-190	84	260	101563	Z
A	13916	2	-2	206	-24	-30	-20	39	-191	82	260	101550	Z
A	13892	2	-2	207	-22	-28	-21	39	-191	82	260	101553	Z
A	13900	3	-1	205	-22	-29	-18	39	-191	82	260	101563	Z
A	13900	3	-2	206	-26	-28	-17	39	-191	82	260	101553	Z
A	13908	3	-1	208	-26	-27	-18	39	-191	82	260	101563	Z
A	13908	3	-2	206	-27	-28	-19	40	-190	86	260	101560	Z
A	13892	3	-3	205	-27	-29	-19	40	-190	86	260	101563	Z
A	13920	3	-1	205	-26	-26	-15	40	-190	86	260	101560	Z
A	13876	4	0	206	-25	-29	-19	40	-190	86	260	101556	Z
A	13824	3	-2	206	-25	-30	-19	40	-190	86	260	101556	Z
A	13896	2	-1	206	-24	-23	-13	38	-191	83	260	101556	Z
A	13916	2	-1	206	-24	-28	-19	38	-191	83	260	101563	Z
A	13888	3	-2	207	-29	-28	-20	38	-191	83	260	101556	Z
A	13892	3	-2	205	-26	-30	-16	38	-191	83	260	101560	Z
A	13920	3	-1	204	-25	-28	-16	38	-191	83	260	101550	Z
A	13884	3	-1	206	-25	-26	-17	39	-190	81	260	101556	Z
A	13908	4	-1	205	-19	-30	-19	39	-190	81	260	101556	Z
A	13896	3	-3	207	-24	-28	-20	39	-190	81	260	101566	Z
A	13904	3	-2	207	-26	-23	-21	39	-190	81	260	101563	Z
A	13884	2	-1	207	-27	-27	-17	39	-190	81	260	101560	Z
A	13896	3	-1	207	-28	-29	-19	39	-189	85	260	101553	Z
A	13920	3	-1	206	-26	-29	-19	39	-189	85	260	101560	Z
A	13896	4	-1	206	-21	-25	-19	39	-189	85	260	101550	Z
A	13904	3	-2	205	-24	-26	-20	39	-189	85	260	101556	Z
A	13880	3	-1	206	-24	-30	-18	39	-189	85	260	101553	Z
A	13908	4	-1	206	-28	-27	-20	39	-191	84	260	101553	Z
A	13880	4	-1	206	-28	-27	-17	39	-191	84	260	101550	Z
A	13888	4	-2	206	-23	-29	-20	39	-191	84	260	101553	Z
A	13924	4	-2	206	-23	-29	-17	39	-191	84	260	101553	Z
A	13896	3	-1	207	-25	-27	-21	41	-190	84	260	101556	Z
A	13900	3	-1	208	-25	-25	-17	41	-190	84	260	101556	Z
A	13888	2	-1	207	-28	-28	-16	41	-190	84	260	101556	Z
A	13904	3	-1	205	-26	-27	-18	41	-190	84	260	101563	Z
A	13880	3	-2	205	-29	-28	-20	41	-190	84	260	101556	Z
A	13880	2	-2	206	-25	-25	-18	38	-190	84	260	101566	Z
A	13920	2	-2	207	-28	-28	-16	38	-190	84	260	101563	Z
A	13892	2	-3	206	-25	-27	-21	38	-190	84	260	101556	Z
A	13904	3	-2	206	-23	-27	-19	38	-190	84	260	101550	Z
A	13892	4	-1	205	-24	-25	-21	38	-190	84	260	101550	Z
A	13904	3	-2	206	-26	-25	-17	37	-192	81	260	101556	Z
A	13884	3	-1	206	-27	-25	-18	37	-192	81	260	101563	Z
A	13896	2	-1	206	-24	-33	-19	37	-192	81	260	101544	Z
A	13924	4	-1	206	-23	-27	-18	37	-192	81	260	101550	Z
A	13888	3	-1	208	-25	-28	-16	37	-192	81	260	101556	Z
A	13908	3	-1	207	-23	-26	-18	40	-190	85	260	101550	Z
A	13892	3	-2	206	-26	-27	-16	40	-190	85	260	101556	Z
A	13896	3	-2	205	-27	-29	-18	40	-190	85	260	101563	Z
A	13880	3	-1	207	-27	-28	-17	40	-190	85	260	101556	Z
A	13892	4	-1	205	-24	-30	-17	40	-190	85	260	101550	Z
A	13920	4	-2	206	-26	-25	-18	37	-191	85	260	101569	Z
A	13896	4	-1	207	-27	-28	-20	37	-191	85	260	101556	Z
A	13904	2	-1	207	-22	-27	-18	37	-191	85	260	101547	Z
A	13884	3	-1	207	-27	-28	-20	37	-191	85	260	101563	Z
A	13896	4	-2	206	-28	-28	-21	37	-191	85	260	101556	Z
A	13880	2	-2	206	-24	-27	-19	39	-190	80	260	101553	Z
A	13888	2	-1	206	-26	-27	-18	39	-190	80	260	101560	Z
A	13932	3	-1	204	-27	-26	-16	39	-190	80	260	101550	Z
A	13896	3	-1	205	-26	-28	-19	39	-190	80	260	101550	Z
A	13904	2	-1	205	-25	-25	-19	39	-190	80	260	101560	Z
A	13892	3	-1	205	-25	-29	-18	39	-190	85	260	101560	Z
A	13896	3	0	208	-29	-28	-19	39	-190	85	260	101556	Z
A	13796	3	0	207	-25	-26	-17	39	-190	85	260	101553	Z
A	13816	4	0	207	-26	-26	-19	39	-190	85	260	101553	Z
A	13804	3	-2	206	-26	-30	-18	39	-190	85	260	101572	Z
A	13900	3	-2	207	-24	-26	-20	37	-192	83	260	101547	Z
A	13876	3	0	205	-24	-28	-19	37	-192	83	260	101550	Z
A	13812	3	-1	208	-28	-31	-16	37	-192	83	260	101547	Z
A	13896	3	-1	206	-25	-27	-16	37	-192	83	260	101556	Z
A	13884	3	-2	204	-24	-26	-18	40	-191	84	260	101550	Z
A	13916	3	-2	206	-25	-27	-19	40	-191	84	260	101553	Z
A	13892	2	-1	205	-24	-24	-19	40	-191	84	260	101560	Z
A	13896	3	-2	205	-25	-27	-19	40	-191	84	260	101550	Z
A	13884	4	-2	208	-24	-26	-19	40	-191	84	260	101547	Z
A	13908	3	-2	206	-28	-28	-19	38	-189	85	260	101547	Z
A	13896	3	-1	204	-24	-29	-18	38	-189	85	260	101556	Z
A	13888	3	-1	205	-27	-27	-11	38	-189	85	260	101550	Z
A	13920	4	-1	206	-27	-27	-14	38	-189	85	260	101550	Z
A	13896	3	-1	205	-26	-27	-17	38	-189	85	260	101556	Z
A	13896	4	-2	206	-27	-29	-18	37	-191	82	260	101550	Z
A	13888	2	-1	204	-25	-29	-18	37	-191	82	260	101550	Z
A	13896	3	-2	206	-25	-28	-22	37	-191	82	260	101553	Z
A	13900	3	-1	206	-26	-28	-22	37	-191	82	260	101550	Z
A	13884	3	-2	206	-24	-28	-19	37	-191	82	260	101547	Z
A	13920	4	-1	206	-22	-26	-16	39	-190	85	260	101544	Z
A	13904	3	-2	206	-27	-27	-15	39	-190	85	260	101556	Z
A	13904	3	-1	206	-27	-27	-18	39	-190	85	260	101556	Z
A	13880	2	0	207	-26	-26	-19	39	-190	85	260	101553	Z
A	13816	3	-1	206	-26	-26	-18	39	-190	85	260	101553	Z
A	13884	3	-1	205	-27	-27	-19	39	-192	85	260	101544	Z
A	13896	3	-2	204	-26	-28	-21	39	-192	85	260	101556	Z
A	13920	2	0	206	-24	-27	-18	39	-192	85	260	101550	Z
A	13800	3	-1	206	-25	-28	-15	39	-192	85	260	101550	Z
A	13916	3	-2	206	-24	-26	-18	39	-192	85	260	101553	Z
A	13900	3	-2	206	-27	-28	-18	39	-190	82	260	101556	Z
A	13900	3	-2	206	-26	-28	-21	39	-190	82	260	101563	Z
A	13892	4	-1	206	-26	-27	-18	39	-190	82	260	101556	Z
A	13904	3	-2	205	-24	-25	-15	39	-190	82	260	101560	Z
A	13912	2	-1	206	-25	-29	-19	39	-190	82	260	101547	Z
A	13884	3	-1	206	-23	-28	-20	41	-190	85	260	101556	Z
A	13904	3	-1	207	-25	-27	-18	41	-190	85	260	101560	Z
A	13888	3	-2	207	-25	-28	-17	41	-190	85	260	101544	Z
A	13888	3	-1	206	-24	-28	-18	41	-190	85	260	101556	Z
A	13888	4	-1	207	-28	-28	-20	41	-190	85	260	101550	Z
A	13904	3	-2	206	-23	-29	-17	38	-191	82	260	101556	Z
A	13908	3	-2	208	-27	-27	-19	38	-191	82	260	101547	Z
A	13884	3	-2	205	-21	-29	-21	38	-191	82	260	101547	Z
A	13908	4	-2	205	-25	-28	-23	38	-191	82	260	101550	Z
A	13896	3	-1	206	-26	-29	-17	39	-190	83	260	101550	Z
A	13900	3	-1	206	-21	-28	-13	39	-190	83	260	101541	Z
A	13888	3	-1	206	-26	-28	-19	39	-190	83	260	101553	Z
A	13900	3	-2	208	-23	-25	-19	39	-190	83	260	101550	Z
A	13900	3	-2	206	-26	-27	-17	39	-190	83	260	101563	Z
A	13884	3	-2	207	-26	-28	-17	39	-190	87	260	101553	Z
A	13912	3	-1	205	-27	-25	-19	39	-190	87	260	101553	Z
A	13896	3	-2	204	-25	-25	-23	39	-190	87	260	101556	Z
A	13900	3	-1	205	-23	-28	-17	39	-190	87	260	101550	Z
A	13888	4	-1	206	-25	-26	-18	39	-190	87	260	101560	Z
A	13900	3	-2	208	-24	-29	-19	37	-191	80	260	101560	Z
A	13900	3	-3	208	-25	-26	-20	37	-191	80	260	101553	Z
A	13888	3	-1	206	-30	-27	-16	37	-191	80	260	101556	Z
A	13912	3	-1	204	-25	-29	-14	37	-191	80	260	101556	Z
A	13904	3	-2	206	-27	-31	-16	37	-191	80	260	101563	Z
A	13908	2	-2	207	-25	-28	-18	40	-191	83	260	101556	Z
A	13888	2	-1	207	-24	-30	-16	40	-191	83	260	101553	Z
A	13904	3	-1	207	-23	-28	-18	40	-191	83	260	101556	Z
A	13920	3	-2	207	-26	-28	-15	40	-191	83	260	101550	Z
A	13880	2	-1	206	-28	-26	-20	40	-191	83	260	101556	Z
A	13892	4	-1	207	-25	-29	-16	37	-190	85	260	101556	Z
A	13892	3	-1	206	-25	-27	-15	37	-190	85	260	101544	Z
A	13904	3	-2	206	-25	-26	-18	37	-190	85	260	101556	Z
A	13892	3	-1	206	-25	-26	-21	37	-190	85	260	101544	Z
A	13892	3	-2	206	-23	-26	-18	37	-190	85	260	101566	Z
A	13900	2	-2	205	-24	-26	-17	39	-192	82	260	101556	Z
A	13888	3	-1	204	-25	-29	-18	39	-192	82	260	101553	Z
A	13904	3	-3	206	-27	-28	-19	39	-192	82	260	101550	Z
A	13896	3	0	206	-26	-23	-19	39	-192	82	260	101556	Z
A	13816	3	-2	206	-25	-26	-18	39	-192	82	260	101553	Z
A	13888	3	-1	205	-27	-25	-17	40	-190	85	260	101550	Z
A	13904	2	-2	207	-25	-29	-20	40	-190	85	260	101547	Z
A	13876	3	-2	206	-26	-27	-17	40	-190	85	260	101553	Z
A	13884	4	-3	206	-26	-25	-18	40	-190	85	260	101560	Z
A	13920	4	-2	207	-24	-27	-19	40	-190	85	260	101563	Z
A	13876	3	0	205	-24	-27	-22	36	-191	82	260	101544	Z
A	13832	3	-1	207	-26	-28	-16	36	-191	82	260	101547	Z
A	13896	3	-1	206	-29	-27	-17	36	-191	82	260	101550	Z
A	13904	3	-2	207	-25	-28	-17	36	-191	82	260	101563	Z
A	13896	3	-1	207	-27	-27	-18	36	-190	82	260	101556	Z
A	13908	3	-1	208	-23	-27	-20	39	-190	84	260	101553	Z
A	13896	3	-2	206	-25	-24	-15	39	-190	84	260	101550	Z
A	13884	3	-1	207	-28	-25	-18	39	-190	84	260	101547	Z
A	13916	2	-1	204	-23	-25	-20	39	-190	84	260	101556	Z
A	13896	3	-2	206	-26	-27	-16	39	-190	87	260	101547	Z
A	13888	4	-1	206	-23	-25	-19	39	-190	87	260	101544	Z
A	13892	4	0	207	-27	-25	-19	39	-190	87	260	101566	Z
A	13824	3	-1	206	-24	-28	-21	39	-190	87	260	101547	Z
A	13880	4	-1	208	-26	-26	-19	39	-190	87	260	101550	Z
A	13892	3	-1	205	-28	-28	-17	39	-190	82	260	101553	Z
A	13916	3	-2	206	-25	-26	-18	39	-190	82	260	101563	Z
A	13884	2	-1	206	-27	-28	-19	39	-190	82	260	101553	Z
A	13908	3	-2	206	-26	-28	-18	39	-190	82	260	101560	Z
A	13892	3	-2	206	-25	-29	-17	39	-190	82	260	101560	Z
A	13912	3	-1	205	-25	-28	-20	40	-189	83	260	101560	Z
A	13884	3	-1	205	-24	-30	-23	40	-189	83	260	101550	Z
A	13900	3	-2	205	-26	-28	-16	40	-189	83	260	101556	Z
A	13924	4	-1	207	-24	-27	-18	40	-189	83	260	101563	Z
A	13888	3	-1	206	-25	-29	-20	40	-189	83	260	101566	Z
A	13904	3	-1	207	-24	-29	-19	37	-191	86	260	101563	Z
A	13896	4	-2	205	-27	-28	-19	37	-191	86	260	101556	Z
A	13900	3	-2	206	-23	-27	-17	37	-191	86	260	101560	Z
A	13876	3	0	206	-24	-30	-16	37	-191	86	260	101544	Z
A	13812	3	-2	205	-27	-26	-17	37	-191	86	260	101553	Z
A	13904	4	-2	206	-26	-27	-19	38	-192	83	260	101563	Z
A	13892	3	-2	207	-25	-28	-17	38	-192	83	260	101544	Z
A	13916	3	-2	207	-28	-30	-18	38	-192	83	260	101566	Z
A	13892	3	-2	205	-23	-29	-18	38	-192	83	260	101553	Z
A	13896	3	-1	205	-24	-29	-18	38	-192	83	260	101563	Z
A	13884	3	-1	206	-24	-26	-13	40	-190	86	260	101556	Z
A	13892	2	-2	206	-24	-27	-17	40	-190	86	260	101556	Z
A	13880	2	-2	206	-27	-31	-20	40	-190	86	260	101569	Z
A	13892	4	-1	207	-29	-29	-19	40	-190	86	260	101556	Z
A	13912	3	-1	206	-23	-31	-16	40	-190	86	260	101553	Z
A	13892	3	-1	207	-20	-30	-16	37	-191	83	260	101550	Z
A	13920	3	-1	207	-26	-29	-17	37	-191	83	260	101553	Z
A	13888	3	-2	206	-26	-27	-16	37	-191	83	260	101556	Z
A	13896	3	-3	206	-25	-28	-18	37	-191	83	260	101556	Z
A	13904	2	-1	206	-28	-27	-20	37	-191	83	260	101569	Z
A	13892	2	-2	206	-24	-29	-24	40	-190	82	260	101566	Z
A	13924	3	-2	205	-26	-27	-19	40	-190	82	260	101563	Z
A	13888	3	-1	204	-27	-29	-14	40	-190	82	260	101550	Z
A	13900	3	-1	206	-25	-29	-19	40	-190	82	260	101556	Z
A	13892	2	-1	206	-26	-25	-19	39	-190	86	260	101556	Z
A	13908	2	-2	208	-26	-27	-17	39	-190	86	260	101563	Z
A	13904	3	-2	205	-26	-27	-12	39	-190	86	260	101563	Z
A	13884	3	-2	205	-30	-29	-18	39	-190	86	260	101560	Z
A	13924	3	-1	206	-23	-27	-19	39	-190	86	260	101563	Z
A	13896	3	0	206	-25	-27	-19	38	-191	83	260	101556	Z
A	13816	2	-1	208	-28	-27	-16	38	-191	83	260	101544	Z
A	13892	3	-1	207	-27	-27	-17	38	-191	83	260	101547	Z
A	13908	4	-1	205	-25	-28	-19	38	-191	83	260	101550	Z
A	13868	2	0	207	-26	-27	-18	38	-191	83	260	101556	Z
A	13808	3	-1	205	-28	-26	-16	39	-191	84	260	101560	Z
A	13908	3	-2	204	-22	-25	-21	39	-191	84	260	101556	Z
A	13892	3	-2	206	-25	-26	-21	39	-191	84	260	101560	Z
A	13916	4	0	206	-24	-26	-17	39	-191	84	260	101556	Z
A	13796	2	-2	206	-27	-31	-16	39	-191	84	260	101556	Z
A	13912	3	-1	205	-21	-27	-17	39	-191	85	260	101553	Z
A	13892	3	-2	205	-24	-26	-19	39	-191	85	260	101560	Z
A	13908	4	-2	206	-30	-26	-19	39	-191	85	260	101556	Z
A	13884	3	-2	206	-25	-27	-19	39	-191	85	260	101556	Z
A	13896	3	-2	207	-25	-27	-19	39	-191	85	260	101560	Z
A	13928	3	-2	208	-28	-27	-20	39	-191	83	260	101566	Z
A	13884	2	-1	206	-28	-28	-20	39	-191	83	260	101547	Z
A	13908	2	-1	205	-26	-26	-15	39	-191	83	260	101556	Z
A	13892	3	-1	206	-26	-25	-17	39	-191	83	260	101553	Z
A	13900	4	-2	206	-26	-26	-18	39	-191	83	260	101556	Z
A	13884	3	-2	206	-25	-29	-20	40	-190	86	260	101553	Z
A	13896	2	-1	206	-27	-29	-19	40	-190	86	260	101556	Z
A	13928	3	-1	204	-26	-31	-18	40	-190	86	260	101553	Z
A	13896	2	-2	207	-23	-25	-18	40	-190	86	260	101556	Z
A	13896	3	0	205	-27	-25	-20	40	-190	86	260	101563	Z
A	13800	2	-2	207	-28	-28	-16	37	-190	84	260	101544	Z
A	13900	3	-1	205	-24	-26	-17	37	-190	84	260	101550	Z
A	13892	3	-1	205	-23	-28	-20	37	-190	84	260	101550	Z
A	13900	2	-1	205	-27	-28	-20	37	-190	84	260	101550	Z
A	13904	2	-1	207	-24	-26	-15	37	-190	84	260	101550	Z
A	13884	3	0	205	-27	-27	-17	38	-191	81	260	101547	Z
A	13836	3	-1	206	-27	-29	-23	38	-191	81	260	101547	Z
A	13884	2	-1	206	-24	-27	-19	38	-191	81	260	101563	Z
A	13900	4	-2	206	-25	-28	-18	38	-191	81	260	101560	Z
A	13896	2	-2	204	-25	-25	-19	39	-190	86	260	101544	Z
A	13928	2	-1	207	-25	-29	-19	39	-190	86	260	101550	Z
A	13880	3	-1	204	-26	-28	-17	39	-190	86	260	101563	Z
A	13892	3	-2	206	-24	-28	-19	39	-190	86	260	101563	Z
A	13924	3	-2	205	-27	-26	-15	39	-190	86	260	101560	Z
A	13884	3	-2	205	-28	-27	-18	36	-192	83	260	101553	Z
A	13900	4	-2	206	-24	-30	-20	36	-192	83	260	101572	Z
A	13892	4	-2	206	-25	-28	-20	36	-192	83	260	101560	Z
A	13908	4	-1	205	-28	-25	-16	36	-192	83	260	101556	Z
A	13880	3	-1	204	-26	-23	-19	36	-192	83	260	101556	Z
A	13892	3	-2	204	-25	-27	-20	41	-190	84	260	101556	Z
A	13920	3	-1	206	-30	-29	-18	41	-190	84	260	101560	Z
A	13888	3	-2	208	-24	-30	-17	41	-190	84	260	101553	Z
A	13900	3	-2	205	-25	-25	-19	41	-190	84	260	101556	Z
A	13888	3	-2	208	-28	-26	-17	41	-190	84	260	101560	Z
A	13896	2	-1	206	-29	-27	-17	38	-190	85	260	101544	Z
A	13884	3	-2	207	-25	-33	-16	38	-190	85	260	101547	Z
A	13892	2	-2	204	-26	-28	-19	38	-190	85	260	101556	Z
A	13932	3	-1	204	-25	-26	-20	38	-190	85	260	101550	Z
A	13888	3	-1	206	-30	-25	-18	38	-190	85	260	101550	Z
A	13904	3	-1	207	-27	-27	-15	38	-190	80	260	101544	Z
A	13888	3	-2	206	-25	-29	-17	38	-190	80	260	101556	Z
A	13908	4	-1	206	-24	-25	-19	38	-190	80	260	101560	Z
A	13880	3	-1	207	-25	-27	-16	38	-190	80	260	101544	Z
A	13892	3	-1	204	-24	-27	-17	38	-190	80	260	101563	Z
A	13928	3	-1	205	-25	-28	-17	40	-190	86	260	101553	Z
A	13888	3	-2	207	-26	-25	-20	40	-190	86	260	101556	Z
A	13908	3	-1	206	-27	-25	-21	40	-190	86	260	101544	Z
A	13888	4	-2	208	-24	-28	-19	40	-190	86	260	101556	Z
A	13896	3	0	206	-22	-28	-20	40	-190	86	260	101563	Z
A	13800	3	-2	205	-26	-28	-19	38	-191	85	260	101556	Z
A	13904	3	-2	204	-25	-28	-17	38	-191	85	260	101544	Z
A	13908	3	-1	204	-24	-25	-16	38	-191	85	260	101556	Z
A	13884	3	-1	207	-27	-27	-19	38	-191	85	260	101563	Z
A	13916	3	-2	206	-26	-29	-18	38	-191	85	260	101550	Z
A	13900	3	-2	208	-25	-27	-18	39	-190	81	260	101541	Z
A	13900	2	0	206	-24	-29	-19	39	-190	81	260	101556	Z
A	13804	3	-1	206	-27	-29	-21	39	-190	81	260	101560	Z
A	13912	3	-1	207	-25	-29	-18	39	-190	81	260	101572	Z
A	13876	3	-1	205	-26	-25	-20	39	-190	85	260	101556	Z
A	13896	2	-1	207	-27	-23	-19	39	-190	85	260	101550	Z
A	13920	4	-1	206	-25	-28	-16	39	-190	85	260	101556	Z
A	13892	3	-1	207	-23	-24	-18	39	-190	85	260	101544	Z
A	13916	3	-1	206	-24	-27	-17	39	-190	85	260	101550	Z
A	13892	4	-1	207	-23	-26	-17	37	-191	83	260	101553	Z
A	13896	2	-1	204	-23	-27	-17	37	-191	83	260	101560	Z
A	13876	3	-1	207	-26	-29	-20	37	-191	83	260	101563	Z
A	13896	4	-2	205	-28	-27	-18	37	-191	83	260	101563	Z
A	13916	2	0	207	-25	-27	-17	37	-191	83	260	101550	Z
A	13800	3	-2	207	-25	-26	-15	40	-190	84	260	101553	Z
A	13916	3	-2	206	-27	-28	-20	40	-190	84	260	101556	Z
A	13888	3	-1	205	-25	-25	-17	40	-190	84	260	101556	Z
A	13904	3	-1	205	-28	-27	-18	40	-190	84	260	101563	Z
A	13884	3	-2	204	-27	-28	-19	40	-190	84	260	101550	Z
A	13896	3	-2	207	-27	-26	-18	38	-189	84	260	101556	Z
A	13900	3	-1	206	-25	-27	-18	38	-189	84	260	101556	Z
A	13892	3	-1	204	-25	-27	-18	38	-189	84	260	101556	Z
A	13912	4	-1	206	-23	-27	-20	38	-189	84	260	101563	Z
A	13892	3	-1	206	-24	-27	-19	38	-189	84	260	101556	Z
A	13884	3	-1	206	-24	-25	-18	38	-191	80	260	101544	Z
A	13892	3	-2	206	-26	-27	-15	38	-191	80	260	101560	Z
A	13900	3	-1	206	-25	-27	-18	38	-191	80	260	101550	Z
A	13900	3	-2	205	-27	-26	-19	38	-191	80	260	101553	Z
A	13892	3	-1	205	-23	-28	-17	38	-191	80	260	101563	Z
A	13924	3	-3	206	-25	-24	-17	40	-190	83	260	101553	Z
A	13884	2	0	206	-24	-25	-20	40	-190	83	260	101550	Z
A	13824	3	-1	205	-24	-27	-21	40	-190	83	260	101556	Z
A	13884	3	0	205	-24	-28	-18	40	-190	83	260	101550	Z
A	13824	3	-1	208	-26	-28	-17	40	-190	83	260	101563	Z
A	13896	2	-2	207	-24	-26	-19	37	-192	85	260	101560	Z
A	13896	2	0	206	-25	-29	-21	37	-192	85	260	101560	Z
A	13796	3	-1	206	-26	-26	-18	37	-192	85	260	101563	Z
A	13900	3	-1	205	-23	-27	-20	37	-192	85	260	101550	Z
A	13920	3	-2	207	-27	-27	-18	37	-192	85	260	101553	Z
A	13880	3	-2	205	-30	-28	-18	40	-190	82	260	101550	Z
A	13904	3	-2	205	-24	-25	-20	40	-190	82	260	101556	Z
A	13896	2	-2	206	-26	-26	-18	40	-190	82	260	101569	Z
A	13904	4	-2	204	-23	-25	-20	40	-190	82	260	101556	Z
A	13876	3	-1	206	-25	-26	-18	40	-190	82	260	101556	Z
A	13900	3	-1	206	-23	-27	-17	39	-189	86	260	101556	Z
A	13920	2	-1	207	-25	-29	-16	39	-189	86	260	101556	Z
A	13880	3	-2	205	-27	-30	-18	39	-189	86	260	101553	Z
A	13908	2	-2	204	-25	-25	-19	39	-189	86	260	101557	Z
A	13892	3	0	205	-28	-28	-18	37	-191	82	260	101550	Z
A	13820	3	-1	205	-24	-26	-18	37	-191	82	260	101550	Z
A	13900	2	-2	207	-23	-27	-16	37	-191	82	260	101544	Z
A	13896	3	-2	205	-25	-26	-19	37	-191	82	260	101556	Z
A	13896	4	-2	208	-24	-22	-16	37	-191	82	260	101563	Z
A	13896	3	-1	206	-25	-26	-17	39	-190	84	260	101556	Z
A	13912	3	0	205	-27	-26	-19	39	-190	84	260	101560	Z
A	13796	3	-1	206	-27	-28	-19	39	-190	84	260	101544	Z
A	13916	4	-1	206	-23	-27	-17	39	-190	84	260	101556	Z
A	13896	4	-1	205	-24	-26	-15	39	-190	84	260	101560	Z
A	13920	2	-1	206	-24	-27	-15	39	-191	87	260	101556	Z
A	13888	4	-2	206	-27	-26	-16	39	-191	87	260	101556	Z
A	13896	3	-2	206	-28	-25	-19	39	-191	87	260	101566	Z
A	13928	3	-2	206	-27	-25	-17	39	-191	87	260	101550	Z
A	13896	3	-1	207	-25	-26	-15	39	-191	87	260	101556	Z
A	13912	3	-1	206	-23	-26	-21	38	-191	81	260	101556	Z
A	13900	3	-2	206	-25	-31	-19	38	-191	81	260	101560	Z
A	13900	3	-1	206	-24	-25	-18	38	-191	81	260	101569	Z
A	13884	3	-2	205	-26	-27	-20	38	-191	81	260	101553	Z
A	13880	3	0	206	-24	-26	-16	38	-191	81	260	101569	Z
A	13820	3	-2	207	-27	-26	-17	40	-190	85	260	101560	Z
A	13888	3	-1	204	-26	-26	-16	40	-190	85	260	101556	Z
A	13912	3	0	204	-22	-26	-21	40	-190	85	260	101553	Z
A	13796	3	-1	206	-24	-28	-20	40	-190	85	260	101560	Z
A	13900	3	-2	206	-23	-28	-19	40	-190	85	260	101556	Z
A	13888	2	0	205	-27	-27	-17	37	-191	85	260	101560	Z
A	13820	4	-1	205	-28	-29	-19	37	-191	85	260	101550	Z
A	13896	4	-3	207	-26	-29	-18	37	-191	85	260	101556	Z
A	13900	4	-2	206	-25	-27	-17	37	-191	85	260	101563	Z
A	13880	3	0	205	-24	-27	-17	37	-191	85	260	101560	Z
A	13816	3	-1	206	-25	-26	-17	39	-191	82	260	101563	Z
A	13912	3	-2	205	-26	-27	-17	39	-191	82	260	101556	Z
A	13888	4	-1	205	-27	-31	-20	39	-191	82	260	101560	Z
A	13900	3	-1	208	-24	-29	-18	39	-191	82	260	101556	Z
A	13888	3	-2	205	-27	-28	-18	39	-191	82	260	101553	Z
A	13904	3	-1	206	-24	-26	-19	39	-190	85	260	101563	Z
A	13892	3	-1	205	-25	-28	-18	39	-190	85	260	101560	Z
A	13904	2	-1	206	-25	-29	-14	39	-190	85	260	101560	Z
A	13908	3	-2	205	-23	-27	-17	39	-190	85	260	101560	Z
A	13884	3	-3	207	-27	-28	-18	36	-191	81	260	101550	Z
A	13908	3	-2	206	-24	-27	-16	36	-191	81	260	101556	Z
A	13892	3	-1	207	-27	-29	-15	36	-191	81	260	101556	Z
A	13912	3	-1	207	-24	-28	-18	36	-191	81	260	101556	Z
A	13884	4	-1	203	-26	-26	-21	36	-191	81	260	101560	Z
A	13896	4	-2	206	-24	-29	-17	39	-191	84	260	101563	Z
A	13916	4	-1	206	-26	-28	-16	39	-191	84	260	101550	Z
A	13872	2	-1	208	-28	-32	-18	39	-191	84	260	101556	Z
A	13904	2	0	205	-28	-28	-19	39	-191	84	260	101563	Z
A	13800	3	-2	206	-27	-29	-18	39	-191	84	260	101563	Z
A	13896	3	-2	206	-27	-29	-18	39	-191	85	260	101560	Z
A	13896	3	-2	205	-23	-29	-18	39	-191	85	260	101563	Z
A	13908	3	-2	206	-24	-27	-21	39	-191	85	260	101563	Z
A	13884	3	-1	206	-25	-24	-17	39	-191	85	260	101569	Z
A	13888	4	-2	206	-28	-28	-17	39	-191	85	260	101556	Z
A	13924	2	-2	206	-26	-24	-20	38	-191	83	260	101563	Z
A	13904	4	-2	206	-25	-27	-22	38	-191	83	260	101556	Z
A	13912	4	-2	206	-23	-27	-18	38	-191	83	260	101553	Z
A	13892	4	-2	208	-23	-27	-17	38	-191	83	260	101553	Z
A	13896	3	-1	206	-22	-29	-19	38	-191	83	260	101553	Z
A	13888	2	-2	206	-25	-27	-18	41	-190	84	260	101563	Z
A	13892	3	-1	207	-25	-28	-17	41	-190	84	260	101572	Z
A	13912	3	-1	206	-27	-29	-16	41	-190	84	260	101563	Z
A	13896	3	-1	206	-26	-28	-18	41	-190	84	260	101560	Z
A	13912	2	-1	207	-22	-26	-19	41	-190	84	260	101560	Z
A	13888	3	-2	205	-24	-29	-17	38	-191	84	260	101560	Z
A	13900	3	-3	207	-22	-29	-18	38	-191	84	260	101560	Z
A	13904	3	-2	205	-27	-27	-17	38	-191	84	260	101566	Z
A	13896	3	-1	206	-29	-28	-19	38	-191	84	260	101569	Z
A	13924	3	-1	206	-29	-26	-18	38	-191	84	260	101566	Z
A	13896	4	-1	207	-26	-30	-16	39	-191	82	260	101563	Z
A	13888	2	-1	207	-25	-28	-19	39	-191	82	260	101563	Z
A	13892	3	-2	206	-25	-26	-21	39	-191	82	260	101563	Z
A	13908	4	-1	205	-25	-26	-18	39	-191	82	260	101569	Z
A	13896	3	-2	205	-27	-29	-19	39	-191	82	260	101569	Z
A	13888	3	-2	206	-22	-30	-18	40	-190	86	260	101560	Z
A	13924	4	-1	206	-27	-28	-20	40	-190	86	260	101566	Z
A	13888	4	-1	207	-24	-29	-19	40	-190	86	260	101563	Z
A	13888	3	-1	205	-25	-28	-18	40	-190	86	260	101560	Z
A	13892	3	-1	205	-25	-27	-17	37	-191	83	260	101560	Z
A	13904	4	-2	206	-25	-24	-17	37	-191	83	260	101563	Z
A	13908	3	-1	207	-25	-27	-17	37	-191	83	260	101556	Z
A	13884	3	-2	205	-26	-29	-18	37	-191	83	260	101563	Z
A	13916	3	-2	205	-25	-30	-16	37	-191	83	260	101569	Z
A	13884	3	-2	205	-28	-29	-21	39	-190	82	260	101563	Z
A	13888	3	-1	206	-26	-26	-18	39	-190	82	260	101563	Z
A	13892	2	-1	206	-26	-30	-19	39	-190	82	260	101560	Z
A	13908	3	-1	206	-24	-26	-17	39	-190	82	260	101560	Z
A	13900	2	-1	207	-27	-27	-19	39	-190	82	260	101566	Z
A	13888	3	-2	206	-28	-26	-20	40	-190	86	260	101556	Z
A	13916	3	-1	205	-26	-25	-16	40	-190	86	260	101572	Z
A	13892	3	-2	207	-23	-27	-15	40	-190	86	260	101563	Z
A	13884	3	-2	205	-27	-28	-20	40	-190	86	260	101563	Z
A	13892	3	-2	208	-20	-29	-20	40	-190	86	260	101572	Z
A	13908	3	-3	209	-23	-27	-19	37	-191	82	260	101550	Z
A	13904	4	-2	204	-28	-27	-17	37	-191	82	260	101563	Z
A	13888	3	-1	206	-27	-29	-19	37	-191	82	260	101556	Z
A	13912	4	-1	206	-26	-27	-18	37	-191	82	260	101560	Z
A	13884	2	-2	205	-31	-29	-22	37	-191	82	260	101563	Z
A	13892	3	-2	209	-28	-28	-18	40	-191	83	260	101556	Z
A	13892	5	-1	205	-24	-25	-21	40	-191	83	260	101550	Z
A	13908	4	-3	206	-27	-27	-19	40	-191	83	260	101560	Z
A	13888	3	0	205	-25	-24	-18	40	-191	83	260	101563	Z
A	13808	3	-2	204	-26	-27	-19	40	-191	83	260	101563	Z
A	13920	4	-2	206	-26	-26	-17	38	-190	84	260	101556	Z
A	13884	4	-3	206	-24	-26	-19	38	-190	84	260	101563	Z
A	13908	3	-2	205	-24	-24	-17	38	-190	84	260	101556	Z
A	13892	2	-2	205	-26	-28	-17	38	-190	84	260	101560	Z
A	13908	2	-1	208	-23	-29	-19	38	-190	84	260	101563	Z
A	13884	4	-2	206	-24	-23	-19	39	-192	82	260	101560	Z
A	13892	3	-2	206	-28	-25	-19	39	-192	82	260	101556	Z
A	13932	3	-2	205	-24	-25	-17	39	-192	82	260	101553	Z
A	13888	3	-2	206	-25	-27	-18	39	-192	82	260	101566	Z
A	13900	3	-1	206	-25	-29	-20	39	-192	82	260	101569	Z
A	13896	3	-1	207	-26	-24	-20	40	-191	86	260	101556	Z
A	13904	3	-2	207	-26	-29	-17	40	-191	86	260	101553	Z
A	13876	3	-2	207	-26	-28	-18	40	-191	86	260	101563	Z